time,voltage,current,temperature
0.9,4.055781834564273,1.80377344945198,35.78946
2.9000000000000004,4.048218603441482,1.80158705739204,35.78946
4.9,4.042924342766163,1.80377344945198,35.78946
6.9,4.03895365359776,1.80377344945198,35.78946
8.9,4.035172041991585,1.80158705739204,35.78946
10.9,4.032335824582831,1.80377344945198,35.79275
12.9,4.030066858891274,1.80158705739204,35.79275
14.9,4.027419731722901,1.8037734311278897,35.79275
16.900000000000002,4.02515075969239,1.80377344945198,35.79605
18.900000000000002,4.023070869984931,1.80377344945198,35.79933
20.900000000000002,4.021180062600218,1.8015870757214756,35.80262
22.900000000000002,4.01928925680107,1.80158705739204,35.80591
24.900000000000002,4.017587528570732,1.80377344945198,35.8125
26.900000000000002,4.01607488424776,1.8037732845425511,35.8125
28.900000000000002,4.01437315760189,1.80158705739204,35.81907
30.900000000000002,4.012482356556548,1.80158705739204,35.82565
32.9,4.011159515756256,1.8015912820778868,35.832226811765025
34.9,4.01002430061801,1.80377344945198,35.83552
36.9,4.008700735449,1.8015873688553519,35.8388
38.900000000000006,4.007377173440972,1.80158705739204,35.8421
40.900000000000006,4.006242684264597,1.80158705739204,35.84538
42.900000000000006,4.004919615383059,1.80377344945198,35.85196
44.900000000000006,4.003973713819903,1.80377344945198,35.85525
46.900000000000006,4.00265015181925,1.80377344945198,35.86183
48.900000000000006,4.001704748126726,1.80377344945198,35.86840999999349
50.900000000000006,4.00075934443495,1.80377344945198,35.8717
52.900000000000006,3.99962486000437,1.80377344945198,35.87828
54.900000000000006,3.9986794531443826,1.80377344945198,35.88266001842928
56.900000000000006,3.9975449687126847,1.80377344945198,35.88815
58.900000000000006,3.99678864892793,1.80377344945198,35.89473
60.900000000000006,3.995843242066688,1.80377344945198,35.9013
62.900000000000006,3.99489784154363,1.80377344945198,35.90788
64.9,3.994141518590064,1.80377344945198,35.91118
66.9,3.99319615925827,1.80377344945198,35.91775
68.9,3.992628866347253,1.80377344945198,35.92105
70.9,3.9913053090978323,1.80377344945198,35.92433001835076
72.9,3.9909271460366,1.80377344945198,35.93091
74.9,3.99017082308288,1.80377344945198,35.94078
76.9,3.989225446326969,1.80377344945198,35.94407
78.9,3.9884691011796454,1.8015871122323102,35.95065
80.9,3.9879018526375916,1.8037734311341518,35.95723
82.9,3.986957395793036,1.80377344945198,35.9638
84.9,3.9863892114831616,1.80377344945198,35.97038
86.9,3.9858219660997043,1.8015870574001849,35.97696
88.9,3.9850656415595256,1.80377344945198,35.98025
90.9,3.9846874753311696,1.80158705739204,35.98355
92.9,3.983931157130878,1.8015870757062038,35.99012
94.9,3.983174835761574,1.8015870573989123,35.9967
96.9,3.98279667428412,1.8015870940282055,36.0
98.9,3.9820403513292657,1.80377344945198,36.00328
100.9,3.9814731059467414,1.8037734128151561,36.00986
102.9,3.9810949444700485,1.8037734128170873,36.01643
104.9,3.98033862468454,1.80377344945198,36.01973
106.9,3.979582335005577,1.80377344945198,36.0263
108.9,3.9793932194126493,1.80158705739204,36.03618
110.9,3.97863689803867,1.8037734494412785,36.04275
112.9,3.9780701442255313,1.8037678019249272,36.04933
114.9,3.97750241360809,1.80158705739204,36.05591
116.9,3.97712425213123,1.80158705739204,36.0592
118.9,3.97655700991594,1.80377344945198,36.065779917510014
120.9,3.97598976770065,1.80377344945198,36.06907
122.9,3.97542252548536,1.8015921578502596,36.06907
124.9,3.97504436400851,1.8015870574040027,36.07236
126.9,3.9742880410561545,1.80158705739204,36.07893
128.9,3.97390987957793,1.80158705739204,36.085519999983916
130.9,3.97353171810107,1.8015870940237735,36.08825000921493
132.9,3.9731536833580012,1.80377344945198,36.093739450384476
134.9,3.9723972352562575,1.80158705739204,36.099219995471174
136.9,3.97201907219363,1.803773431145452,36.105250027630696
138.9,3.97164091071677,1.8037734311410203,36.11183
140.9,3.97107366850148,1.803773412820905,36.11841
142.9,3.9705064357917,1.80158705739204,36.1217
144.9,3.97031734554776,1.80377344945198,36.125
146.9,3.96975010333247,1.803773394501756,36.13156991731299
148.9,3.96937194185561,1.8037734494374718,36.13157
150.9,3.9689937772110353,1.80377344945198,36.134860036689595
152.9,3.96842693349974,1.80377344945198,36.14473
154.9,3.9680483766866,1.803773431145452,36.14802000452139
156.9,3.967859292780629,1.803773412824723,36.1546
158.9,3.96729205373289,1.80377344945198,36.16118
160.9,3.966913893838958,1.80377344945198,36.16775
162.9,3.9663466452882754,1.80377344945198,36.17105
164.9,3.96596848856388,1.80377344945198,36.17762
166.9,3.965401249521666,1.80377344945198,36.1875
168.9,3.96540124634859,1.8015870757334862,36.19078
170.9,3.964834000965969,1.80377344945198,36.19407
172.9,3.96445584265644,1.80158705739204,36.20065
174.9,3.964077679596612,1.8037734311476905,36.20393
176.9,3.9633213645628813,1.80377344945198,36.21052
178.9,3.963132275904528,1.80158705739204,36.2171
180.9,3.9631322743221276,1.8037734311513551,36.22368
182.9,3.962375949781536,1.80377344945198,36.23025
184.9,3.9618087075665054,1.80377344945198,36.23355
186.9,3.961241471689985,1.80377344945198,36.23683
188.9,3.96124147010313,1.80377344945198,36.24341
190.9,3.96067422788784,1.80377344945198,36.2467
192.9,3.960485140812676,1.8037733761784818,36.25
194.9,3.9599179049361553,1.8015870574154558,36.25657
196.9,3.9595397482093646,1.80158705739204,36.25986
198.9,3.9595397402919943,1.8015870756925114,36.26315
200.9,3.95859433976512,1.80158705739204,36.26643
202.9,3.958216586251907,1.8015917747867705,36.273012901443
204.9,3.95821617828826,1.80158705739204,36.2763
206.9,3.957459855336455,1.8015870574141841,36.28287999996678
208.9,3.95708169385768,1.8037734128295067,36.28618
210.9,3.9570816906935766,1.80158705739204,36.28618
212.9,3.956515478898562,1.80158705739204,36.28781554502448
214.9,3.95632537090396,1.80158705739204,36.29330002301317
216.9,3.9555699459070994,1.80158705739204,36.29933
218.9,3.9553799672141654,1.80377344945198,36.3092
220.9,3.95500180573495,1.80158705739204,36.31578
222.9,3.95462364425809,1.8037734311025906,36.32565
224.9,3.9542454827787594,1.80158705739204,36.33223
226.9,3.9542450732360477,1.8037687137695304,36.33552
228.9,3.95348915982751,1.80158705739204,36.3388
230.9,3.95330007908908,1.80158705739204,36.34538
232.9,3.95292191761223,1.80158705739204,36.34868
234.9,3.9523546754025425,1.80158705739204,36.35525
236.9,3.95216559465851,1.8037693343320942,36.36183
238.9,3.95178743318165,1.801587075745555,36.36841
240.9,3.9514092717070355,1.8015870574180015,36.375
242.9,3.951220187799632,1.8037734128342453,36.38157
244.9,3.95046386801264,1.80158705739204,36.38486
246.9,3.950463486878793,1.80158705739204,36.38815
248.9,3.9498966242187725,1.80158705739204,36.38815
250.9,3.9495184627382223,1.80158705739204,36.39473
252.9,3.949329377248939,1.80377344945198,36.39802
254.9,3.9485730606312517,1.80158705739204,36.4046
256.90000000000003,3.9485734812178768,1.80158705739204,36.41118
258.90000000000003,4.031446344205008,0.0,36.41446
260.90000000000003,4.040305182476429,0.0,36.42433
262.90000000000003,4.045207302404477,0.0,36.43091
264.90000000000003,4.048799830564514,0.0,36.43091
266.90000000000003,4.0514469553833905,0.0,36.4342
268.90000000000003,4.05408011267214,0.0,36.4375
270.90000000000003,4.055998886466421,0.0,36.4342
272.90000000000003,4.05805080817916,0.0,36.43091
274.90000000000003,4.059724565479959,0.0,36.43091
276.90000000000003,4.061090081849151,0.0,36.43091
278.90000000000003,4.062413646666291,0.0,36.43091
280.90000000000003,4.063695264156675,0.0,36.42762
282.90000000000003,4.064871696734702,0.0,36.43091
284.90000000000003,4.066006182398201,0.0,36.42762
286.90000000000003,4.066923621030469,0.0,36.42938201169067
288.90000000000003,4.06789698538001,0.0,36.43091
290.90000000000003,4.06882841026966,0.0,36.43091
292.90000000000003,4.069409638859282,0.0,36.43091
294.90000000000003,4.070355037914412,0.0001616746353771935,36.43066671812932
296.90000000000003,4.07109737913081,0.0,36.42762
298.90000000000003,4.07204278282296,0.0,36.42433
300.90000000000003,4.0726240082434115,0.0,36.42105
302.90000000000003,4.0731912505755625,0.0,36.41775
304.90000000000003,4.073919605535165,0.002024683488864931,36.41446
306.90000000000003,4.07431175168412,0.0,36.41118
308.90000000000003,4.07468991316098,0.0,36.40788
310.90000000000003,4.075432252675366,0.0,36.40788
312.90000000000003,4.075810413036603,0.0,36.41118
314.90000000000003,4.07601347832999,0.0,36.40788
316.90000000000003,4.076405619959472,0.0,36.40788
318.90000000000003,4.076944900753794,0.0,36.4046
320.90000000000003,4.077309085894221,0.0,36.4013
322.90000000000003,4.07752612423743,0.0,36.39802
324.90000000000003,4.07790428571429,0.0,36.39473
326.90000000000003,4.078457549244565,0.0,36.39143
328.90000000000003,4.07866060866801,0.0,36.38815
330.90000000000003,4.0788636711437025,0.0,36.38486
332.90000000000003,4.07938896838221,0.0,36.38486
334.90000000000003,4.079781110011548,0.0,36.38486
336.90000000000003,4.079619992746776,0.0,36.38157
338.90000000000003,4.080159276007978,0.0,36.38157
340.90000000000003,4.080348355044303,0.0,36.38157
342.90000000000003,4.080537437484777,0.0,36.38157
344.90000000000003,4.0805514160523,0.0,36.37828
346.90000000000003,4.08092957752916,0.0,36.375
348.90000000000003,4.08092957752916,0.0,36.3717
350.90000000000003,4.081321722327712,0.0,36.36512
352.90000000000003,4.081321720391104,0.0,36.36183
354.90000000000003,4.08151080159868,0.0,36.35855
356.90000000000003,4.08187498122131,0.0021863920599418,36.35855
358.90000000000003,4.081902943288006,0.0021863920599418,36.35855
360.90000000000003,4.08206406195974,0.0,36.35575933148438
362.90000000000003,4.08206406195974,0.0,36.34968940747953
364.90000000000003,4.082267125668187,0.0021863920599418,36.34538
366.90000000000003,4.08263130417503,0.0020247344029506705,36.3421
368.90000000000003,4.08282038491346,0.0,36.3388
370.90000000000003,4.08282038491346,0.0,36.33576254036713
372.90000000000003,4.082995482565331,0.0021863920599418,36.33223
374.90000000000003,4.08319854639032,0.0021863920599418,36.33223
376.90000000000003,4.08319854639032,0.0,36.33223
378.90000000000003,4.08338762712875,0.0,36.32893
380.90000000000003,4.083401608748065,0.0,36.32565
382.90000000000003,4.08357670786718,0.0,36.32236
384.90000000000003,4.08376578860561,0.0,36.31907
386.90000000000003,4.08376578860561,0.0001616406840699401,36.31907
388.90000000000003,4.083940886491436,0.0,36.31578
390.90000000000003,4.08395486934404,0.0001616915932596753,36.31578
392.90000000000003,4.083968849378327,0.0,36.3125
394.90000000000003,4.084319047734239,0.0,36.3092
396.90000000000003,4.08414395008247,0.0021863920599418,36.3092
398.90000000000003,4.083982835517565,0.002024701820493174,36.30591
400.90000000000003,4.084536091828017,0.0,36.30591
402.90000000000003,4.084536090126022,0.0,36.29933
404.90000000000003,4.084347014024631,0.0,36.29933
406.90000000000003,4.08471119229776,0.0,36.29605
408.90000000000003,4.084536094528796,0.0,36.28946
410.90000000000003,4.08490027303619,0.0,36.28618
412.90000000000003,4.08490027303619,0.0,36.28288
414.90000000000003,4.084886290067046,0.0,36.28288
416.90000000000003,4.08508935377462,0.0,36.28288
418.90000000000003,4.085103333808977,0.0,36.2763
420.90000000000003,4.08527843451305,0.0,36.27302
422.90000000000003,4.08527843451305,0.0,36.27302
424.90000000000003,4.08527843451305,0.0,36.26973
426.90000000000003,4.085642613255581,0.0,36.26973
428.90000000000003,4.08546751525148,0.0,36.26973
430.90000000000003,4.08565659598991,0.0,36.26973
432.90000000000003,4.08567057749161,0.0,36.26643
434.90000000000003,4.08546751525148,0.002024666536735844,36.26643
436.90000000000003,4.0856705793101185,0.0,36.26086938989051
438.90000000000003,4.085831693759314,0.0,36.25986
440.90000000000003,4.08565659598991,0.0,36.25986
442.90000000000003,4.08603475746676,0.0,36.25986
444.90000000000003,4.08584567672834,0.0,36.25986
446.90000000000003,4.08565659598991,0.0,36.25328
448.90000000000003,4.085873642197217,0.0,36.24975596126803
450.90000000000003,4.086048740318153,0.0,36.2467
452.90000000000003,4.16282136492995,-1.54359279431891,36.2467
454.90000000000003,4.167160312670886,-1.54359279431891,36.24323741978522
456.90000000000003,4.170185599898361,-1.54359279431891,36.23683
458.90000000000003,4.17244465492916,-1.54359279431891,36.23355
460.90000000000003,4.174156299827062,-1.54359279431891,36.23360717607624
462.90000000000003,4.17584810822089,-1.54359279431891,36.23683
464.90000000000003,4.1771915103914585,-1.54359279431891,36.24012
466.90000000000003,4.17868431929734,-1.5456645143726955,36.24341
468.90000000000003,4.17982871772405,-1.54359279431891,36.2467
470.90000000000003,4.181132453481919,-1.54359279431891,36.25328
472.90000000000003,4.181918516673896,-1.54359279431891,36.25657
474.90000000000003,4.183232178440765,-1.54577918637885,36.26315
476.90000000000003,4.184177577877469,-1.54359279431891,36.26643
478.90000000000003,4.184943820833317,-1.5437074856050865,36.26973
480.90000000000003,4.1860584680961,-1.54359279431891,36.2763
482.90000000000003,4.18681479104982,-1.5437075203292288,36.2796
484.90000000000003,4.1879492754804,-1.54359279431891,36.28618
486.90000000000003,4.18889467917255,-1.54359279431891,36.28946
488.90000000000003,4.18965100212626,-1.54577918637885,36.29605
490.90000000000003,4.19059640581841,-1.54359279431891,36.30591
492.90000000000003,4.19135272877213,-1.54359279431891,36.30591
494.90000000000003,4.1919398049863,-1.5437074672835633,36.3125
496.90000000000003,4.19286537467957,-1.54359279431891,36.3092
498.90000000000003,4.1934425339768975,-1.54359279431891,36.3125
500.90000000000003,4.194208777016308,-1.54359279431891,36.31578
502.90000000000003,4.195124422120489,-1.54359279431891,36.32236
504.90000000000003,4.19570158575602,-1.54359279431891,36.32565
506.90000000000003,4.196826154689146,-1.54577918637885,36.33223
508.90000000000003,4.19740331240188,-1.54359279431891,36.3388
510.90000000000003,4.19797055461717,-1.54577918637885,36.3421
512.9,4.19872687757089,-1.54577918637885,36.34538
514.9,4.199114956129973,-1.54577918637885,36.34868
516.9,4.19986136200147,-1.53922001019902,36.35196
518.9,4.199871279000684,-1.53047444195926,36.35525
520.9,4.2000504427399,-1.5193131010178977,36.35855
522.9,4.199871281920057,-1.504123030520418,36.36355656548417
524.9,4.2000504427399,-1.49549216900019,36.36909423334423
526.9,4.200040524322835,-1.48237381664054,36.37239425396873
528.9,4.19986136200147,-1.4669544166303032,36.37828
530.9,4.2000405273257755,-1.46050989604112,36.38486
532.9,4.200040524239787,-1.4494632454240683,36.39143
534.9,4.200040524239491,-1.4365742737025191,36.39455689378294
536.9,4.2000504427399,-1.4362302027477443,36.39473
538.9,4.200040524239491,-1.42115483896217,36.39484487958042
540.9,4.199851443501282,-1.41459566278234,36.39802
542.9,4.199871282003488,-1.4037784101669077,36.4046
544.9,4.2000504427399,-1.3946888211351935,36.40788
546.9,4.19986136200147,-1.3819144712376974,36.41446
548.9,4.200040527242676,-1.379498734229149,36.41775
550.9,4.19986136200147,-1.3685667565704287,36.42105
552.9,4.20004052432324,-1.3598211719314572,36.42433
554.9,4.19986136200147,-1.351304947674766,36.42762
556.9,4.20004052298795,-1.3401436279516534,36.4342
558.9,4.19967228126304,-1.3317421123380242,36.4375
560.9,4.2000405271600085,-1.32495358832473,36.44078
562.9,4.199682199680111,-1.3186237908590985,36.44736
564.9,4.199871280501438,-1.3139069377093515,36.45065
566.9,4.199692115093044,-1.3011326196419086,36.45393
568.9,4.199851443335245,-1.2922723996637469,36.45393
570.9,4.2000504427399,-1.2898566076902906,36.45723
572.9,4.199871280418424,-1.28559853124578,36.4638
574.9,4.200040524240146,-1.27466657094607,36.4671
576.9,4.2000504427399,-1.2700643695570606,36.4671
578.9,4.2000504427399,-1.26154821858642,36.47038
580.9,4.200040525825008,-1.25061625828671,36.47368
582.9,4.200040521403252,-1.24624347416682,36.47696
584.9,4.199871277581031,-1.237727219019464,36.47696
586.9,4.19986136200147,-1.2330104324586457,36.47368
588.9,4.2000504427399,-1.22645127267797,36.47038
590.9,4.2000504427399,-1.2241501439921236,36.47038
592.9,4.0783507797251275,1.12817830292997,36.476772808405286
594.9,4.07053013691553,1.12817830292997,36.48025
596.9,4.065553669953721,1.12817830292997,36.48355
598.9,4.061518617385549,1.12817830292997,36.48355
600.9,4.058179520009334,1.12817830292997,36.48025
602.9,4.05578183931801,1.12817830292997,36.47696
604.9,4.05332378971842,1.12817830292997,36.47696
606.9,4.05111917468185,1.12817830292997,36.47696
608.9,4.04954217494982,1.12817830292997,36.47038
610.9,4.04765136756553,1.12817830292997,36.47038
612.9,4.046013996362072,1.12817830292997,36.464923186643574
614.9000000000001,4.04462607575065,1.12817830292997,36.4638
616.9000000000001,4.043366865451745,1.12817830292997,36.4638
618.9000000000001,4.042043299776337,1.12817830292997,36.4638
620.9000000000001,4.040848446571844,1.13036469498991,36.4638
622.9000000000001,4.03970997655148,1.13036469498991,36.4638
624.9000000000001,4.03876457285933,1.13036469498991,36.45723
626.9000000000001,4.0375053609758735,1.13036469498991,36.45065
628.9000000000001,4.036624309556579,1.13036469498991,36.44736
630.9000000000001,4.035864007924671,1.13036469498991,36.44407
632.9000000000001,4.035047312454546,1.13036469498991,36.44078
634.9000000000001,4.03422663513702,1.13036469498991,36.44078
636.9000000000001,4.03328123144487,1.13036469498991,36.44078
638.9000000000001,4.0327783409635645,1.13036469498991,36.4375
640.9000000000001,4.03214674701429,1.13036469498991,36.4375
642.9000000000001,4.03120134332214,1.13036469498991,36.4375
644.9000000000001,4.03044502036842,1.13036469498991,36.4375
646.9000000000001,4.030002505606147,1.13036469498991,36.4375
648.9000000000001,4.02931053593784,1.13036469498991,36.4375
650.9000000000001,4.028807645456975,1.13036469498991,36.4342
652.9000000000001,4.028051324560207,1.13036469498991,36.42762
654.9000000000001,4.02754843208901,1.13036469498991,36.42433
656.9000000000001,4.027101941244513,1.12817830292997,36.42762
658.9000000000001,4.02666340559982,1.12817830292997,36.42105
660.9000000000001,4.026409971002788,1.12817830292997,36.41775
662.9000000000001,4.02571800190768,1.12817830292997,36.41775
664.9000000000001,4.025275487650992,1.12817830292997,36.41118
666.9000000000001,4.024708244929976,1.12817830292997,36.41118
668.9000000000001,4.024269707734738,1.12817830292997,36.41118
670.9000000000001,4.0238915452123525,1.12817830292997,36.41118
672.9000000000001,4.023384678176195,1.12817830292997,36.4046
674.9000000000001,4.023135224349708,1.12817830292997,36.4013
676.9000000000001,4.022757063884469,1.12817830292997,36.394913789463644
678.9000000000001,4.02218982170287,1.12817830292997,36.39473
680.9000000000001,4.021872030683582,1.12817830292997,36.39143
682.9000000000001,4.02149386381291,1.12817830292997,36.38579267811717
684.9000000000001,4.02118006418536,1.12817830292997,36.38486
686.9000000000001,4.020548466593657,1.12817830292997,36.38486
688.9000000000001,4.02023466049321,1.12817830292997,36.38486
690.9000000000001,4.01985649901635,1.12817830292997,36.37939977310551
692.9000000000001,4.0194783375395,1.12817830292997,36.37828
694.9000000000001,4.01897146942409,1.12817830292997,36.37611634262154
696.9000000000001,4.018786367838355,1.12817830292997,36.375
698.9000000000001,4.01853293384735,1.12817830292997,36.375
700.9000000000001,4.01796569163206,1.12817830292997,36.375
702.9000000000001,4.017651885565307,1.12817830292997,36.3717
704.9000000000001,4.01752317895987,1.12817830292997,36.36841
706.9000000000001,4.01714501593159,1.12817830292997,36.36841
708.9000000000001,4.016706480288778,1.13036469498991,36.36183
710.9000000000001,4.016139236522031,1.13036469498991,36.35855
712.9000000000001,4.015950157874357,1.13036469498991,36.35525
714.9000000000001,4.015443287127839,1.13036469498991,36.35855
716.9000000000001,4.01512948055561,1.13036469498991,36.35855
718.9000000000001,4.014815673443925,1.13036469498991,36.35855
720.9000000000001,4.014437511461022,1.13036469498991,36.35855
722.9000000000001,4.01418407686346,1.13036469498991,36.35855
724.9000000000001,4.0138059153866,1.13036469498991,36.35855
726.9000000000001,4.013552398737105,1.13036469498991,36.35855
728.9000000000001,4.01304959243288,1.13036469498991,36.35525
730.9000000000001,4.01267143095602,1.13036469498991,36.35525
732.9000000000001,4.012421977197706,1.13036469498991,36.35196
734.9000000000001,4.0119797636991255,1.13036469498991,36.35196
736.9000000000001,4.011412299570918,1.13036469498991,36.35196
738.9000000000001,4.011218803303618,1.13036469498991,36.35196
740.9000000000001,4.011030079554284,1.13036469498991,36.35525
742.9000000000001,4.01078062357173,1.13036469498991,36.35525
744.9000000000001,4.01021338135644,1.13036469498991,36.35196
746.9000000000001,4.00995994679199,1.13036469498991,36.34868
748.9000000000001,4.00945705840272,1.13036469498991,36.34538
750.9000000000001,4.00907889692586,1.13036469498991,36.34538
752.9000000000001,4.00857616149765,1.13036469498991,36.34538
754.9000000000001,4.00832257397214,1.13036469498991,36.34538
756.9000000000001,4.008069138328821,1.13036469498991,36.34500560757925
758.9000000000001,4.007690978470153,1.13036469498991,36.3421
760.9000000000001,4.00718808954156,1.13036469498991,36.3421
762.9000000000001,4.11925277998882,-1.16971975206886,36.3421
764.9000000000001,4.128515616670418,-1.16971975206886,36.344299156044784
766.9000000000001,4.13349402281263,-1.16971975206886,36.34538
768.9000000000001,4.1370865568428,-1.16971975206886,36.34538
770.9000000000001,4.139860404249599,-1.16971975206886,36.34538
772.9000000000001,4.142443130314699,-1.16971975206886,36.34538
774.9000000000001,4.144587478374343,-1.16971975206886,36.34538
776.9000000000001,4.146478286820797,-1.16971975206886,36.34538
778.9000000000001,4.148369092080565,-1.16971975206886,36.34538
780.9000000000001,4.14956588557916,-1.16971975206886,36.34868
782.9000000000001,4.151016225065809,-1.16971975206886,36.35196
784.9000000000001,4.15259117739403,-1.16971975206886,36.35196
786.9000000000001,4.153601047901149,-1.16971975206886,36.35525
788.9000000000001,4.154797839834106,-1.16971975206886,36.35525
790.9000000000001,4.155868010185662,-1.16971975206886,36.35525
792.9000000000001,4.15712911511635,-1.1689992859588125,36.35525
794.9000000000001,4.1580122113247056,-1.16971975206886,36.35196
796.9000000000001,4.158957614494821,-1.16971975206886,36.35196
798.9000000000001,4.159903017646716,-1.16971975206886,36.35525
800.9000000000001,4.1606591751150654,-1.16971975206886,36.35855
802.9000000000001,4.161162119691859,-1.16971975206886,36.36183
804.9000000000001,4.16223429505395,-1.16971975206886,36.36183
806.9000000000001,4.163052924428972,-1.16971975206886,36.36512
808.9000000000001,4.16355786022296,-1.16971975206886,36.36512
810.9000000000001,4.16431418317668,-1.16971975206886,36.36183
812.9000000000001,4.165008184835812,-1.16971975206886,36.36183
814.9000000000001,4.16601590982255,-1.16971975206886,36.36183
816.9000000000001,4.1665208456163185,-1.16971975206886,36.35855
818.9000000000001,4.1669613135147,-1.16971975206886,36.36183
820.9000000000001,4.1674661182190755,-1.16971975206886,36.36183
822.9000000000001,4.168222564843301,-1.16971975206886,36.36512
824.9000000000001,4.168914426258263,-1.16971975206886,36.36512
826.9000000000001,4.169735219754219,-1.16971975206886,36.36841
828.9000000000001,4.169924297845446,-1.16971975206886,36.36841
830.9000000000001,4.170491365008367,-1.16971975206886,36.3717
832.9000000000001,4.171183396181784,-1.16971975206886,36.3717
834.9000000000001,4.17168833197544,-1.16971975206886,36.3717
836.9000000000001,4.172193264599679,-1.16971975206886,36.3717
838.9000000000001,4.17263373566759,-1.16971975206886,36.3717
840.9000000000001,4.17339005862131,-1.16971975206886,36.3717
842.9000000000001,4.174019607780523,-1.16971975206886,36.3717
844.9000000000001,4.1742086901219935,-1.16971975206886,36.37828
846.9000000000001,4.17484039864737,-1.16971975206886,36.38377587926185
848.9000000000001,4.17546994674403,-1.16971975206886,36.38486
850.9000000000001,4.17603718895932,-1.16971975206886,36.38486
852.9000000000001,4.176857973576926,-1.16971975206886,36.38486
854.9000000000001,4.176918131096028,-1.16971975206886,36.38486
856.9000000000001,4.17754983486676,-1.16971975206886,36.38157
858.9000000000001,4.17811707708205,-1.16971975206886,36.38486
860.9000000000001,4.17868431929734,-1.16971975206886,36.38815
862.9000000000001,4.179126942329789,-1.16971975206886,36.38815
864.9000000000001,4.179756495720879,-1.16971975206886,36.39473
866.9000000000001,4.18032373899903,-1.16971975206886,36.39802
868.9000000000001,4.180890980151569,-1.16971975206886,36.39802
870.9000000000001,4.181269007941607,-1.16971975206886,36.39473
872.9000000000001,4.18189869185064,-1.16971975206886,36.39143
874.9000000000001,4.182592702583455,-1.16971975206886,36.39473
876.9000000000001,4.183095489041876,-1.16971975206886,36.39802
878.9000000000001,4.183284568196,-1.16971975206886,36.39802
880.9000000000001,4.183916267752724,-1.16971975206886,36.4013
882.9000000000001,4.18435674145023,-1.16971975206886,36.4013
884.9000000000001,4.18492398366552,-1.16971975206886,36.4046
886.9000000000001,4.185364456840802,-1.16971975206886,36.4046
888.9000000000001,4.18586938735767,-1.16971975206886,36.40788
890.9000000000001,4.186499085601461,-1.16971975206886,36.40788
892.9000000000001,4.186941556362168,-1.16971975206886,36.40788
894.9000000000001,4.18738203326511,-1.16971975206886,36.40788
896.9000000000001,4.18813835621883,-1.16971975206886,36.41118
898.9000000000001,4.188454207563455,-1.1689992430445026,36.41118
900.9000000000001,4.1887679085480025,-1.16971975206886,36.41446
902.9000000000001,4.049680422383962,1.51516969753966,36.41775
904.9000000000001,4.042071109596814,1.51516969753966,36.41775
906.9000000000001,4.03687376547503,1.51516969753966,36.41446
908.9000000000001,4.03290306996801,1.51516969753966,36.41446
910.9000000000001,4.02987777815313,1.51516969753966,36.41446
912.9000000000001,4.02685248633825,1.51516969753966,36.41118
914.9000000000001,4.024348356231008,1.51516969753966,36.41446
916.9000000000001,4.02212546787751,1.51516969753966,36.41446
918.9000000000001,4.020469823710127,1.51516969753966,36.41446
920.9000000000001,4.01853293384735,1.51516969753966,36.41198024852245
922.9000000000001,4.01683120720148,1.51516969753966,36.41118
924.9000000000001,4.0154107238543535,1.51516969753966,36.408684250214904
926.9000000000001,4.014091912758666,1.51516969753966,36.408684263692706
928.9000000000001,4.012385435288375,1.51516969753966,36.40708059584933
930.9000000000001,4.011393994270906,1.51516969753966,36.40788
932.9000000000001,4.010070383056708,1.51516969753966,36.4046
934.9000000000001,4.00907889692586,1.51516969753966,36.4046
936.9000000000001,4.00799049814304,1.51516969753966,36.4046
938.9000000000001,4.00718808954156,1.51516969753966,36.4046
940.9000000000001,4.00605360511098,1.51516969753966,36.4046
942.9000000000001,4.004868286219245,1.51516969753966,36.4013
944.9000000000001,4.004305793975503,1.51516969753966,36.39802
946.9000000000001,4.00340647477297,1.51516969753966,36.39473
948.9000000000001,4.002604070152644,1.51516969753966,36.39473
950.9000000000001,4.0017047481271,1.51516969753966,36.39473
952.9000000000001,4.000662432595872,1.51516969753966,36.39143
954.9000000000001,4.00000302148123,1.51516969753966,36.39143
956.9000000000001,3.99924669852751,1.51516969753966,36.39143
958.9000000000001,3.9983934621903314,1.51516969753966,36.39143
960.9000000000001,3.997780135871201,1.51516969753966,36.39143
962.9000000000001,3.99716681040479,1.51516969753966,36.38815
964.9000000000001,3.99641048745107,1.51516969753966,36.38486
966.9000000000001,3.9959354133627416,1.51516969753966,36.38486
968.9000000000001,3.994943924448871,1.51516969753966,36.38486
970.9000000000001,3.9943767259163483,1.51516969753966,36.38486
972.9000000000001,3.993620358467566,1.51516969753966,36.38815
974.9000000000001,3.9928640358997685,1.51516969753966,36.38815
976.9000000000001,3.99243979194404,1.51516969753966,36.38815
978.9000000000001,3.99187254972875,1.51516969753966,36.39143
980.9000000000001,3.990881005939532,1.51516969753966,36.38815
982.9000000000001,3.99040598711278,1.51516969753966,36.38815
984.9000000000001,3.98979266160603,1.51516969753966,36.39143
986.9000000000001,3.98917933609938,1.51516969753966,36.39143
988.9000000000001,3.988372182282137,1.51516969753966,36.39143
990.9000000000001,3.9876159713906785,1.51516969753966,36.39473
992.9000000000001,3.98733461200644,1.51516969753966,36.39143
994.9000000000001,3.986532205068388,1.51516969753966,36.39063057711925
996.9000000000001,3.9861079626172904,1.51516969753966,36.38815
998.9000000000001,3.9853008051643575,1.51516969753966,36.38815
1000.9000000000001,3.9845444838352577,1.51516969753966,36.38486
1002.9000000000001,3.9841663227449304,1.51516969753966,36.38486
1004.9000000000001,3.9832209178539526,1.51516969753966,36.38815
1006.9000000000001,3.98279667428412,1.51516969753966,36.39473
1008.9000000000001,3.982372429941836,1.51516969753966,36.39802
1010.9000000000001,3.9815192384506415,1.51516969753966,36.4013
1012.9000000000001,3.98090586689983,1.51516969753966,36.4013
1014.9000000000001,3.980292542205172,1.51516969753966,36.4013
1016.9000000000001,3.97977138246925,1.51516969753966,36.4046
1018.9000000000001,3.97906114319337,1.51516969753966,36.4013
1020.9000000000001,3.97863689803867,1.51516969753966,36.4013
1022.9000000000001,3.97806965582338,1.51516969753966,36.4013
1024.9,3.97750241360809,1.51516969753966,36.4013
1026.9,3.97712425213123,1.51516969753966,36.4013
1028.9,3.9766030927817044,1.51516969753966,36.4013
1030.9,3.97598976770065,1.51516969753966,36.4046
1032.9,3.97542252548536,1.51516969753966,36.4046
1034.9,3.97504436400851,1.51516969753966,36.4013
1036.9,3.9745232042731384,1.51516969753966,36.4046
1038.9,3.9740528774506467,1.51516969753966,36.40788
1040.9,3.9736747167458937,1.51516969753966,36.40788
1042.9,3.97315355662421,1.51516969753966,36.41118
1044.9,3.97258631440892,1.51516969753966,36.41118
1046.9,3.971733077301305,1.51516969753966,36.41446
1048.9,3.971686991998027,1.51516969753966,36.41446
1050.9,3.97107366850148,1.51516969753966,36.41446
1052.9,3.97069550702462,1.51516969753966,36.41446
1054.9,3.970460345390908,1.51516969753966,36.41446
1056.9,3.9698931019768535,1.51516969753966,36.41446
1058.9,3.9698470167143878,1.51516969753966,36.41118
1060.9,3.969086046715402,1.51516969753966,36.41118
1062.9,3.9686617021541992,1.51516969753966,36.41446
1064.9,3.9683343724307663,1.51516969753966,36.41446
1066.9,3.96785929594818,1.51516969753966,36.41118
1068.9,3.96729205373289,1.51516969753966,36.41118
1070.9,3.967056889701889,1.51516969753966,36.417079762218926
1072.9,3.9668217272961934,1.51516969753966,36.42105
1074.9,3.9663927313224643,1.51516969753966,36.42433
1076.9,3.9656364079823794,1.51516969753966,36.42433
1078.9,3.9655442449930836,1.51516969753966,36.42762
1080.9,4.083432146300686,-1.06040014907177,36.42884577207501
1082.9,4.097401646447549,-1.06040014907177,36.43091
1084.9,4.105013355854894,-1.06040014907177,36.4342
1086.9,4.11018906033748,-1.06040014907177,36.4375
1088.9,4.11458594896966,-1.06040014907177,36.4342
1090.9,4.118508394030999,-1.06040014907177,36.4342
1092.9,4.121463244414823,-1.06040014907177,36.4375
1094.9,4.12422906662957,-1.06040014907177,36.4342
1096.9,4.12649803549073,-1.06040014907177,36.43440515002228
1098.9,4.128885558369574,-1.06040014907177,36.4375
1100.9,4.13065781173618,-1.06040014907177,36.44078
1102.9,4.1326673516002055,-1.06040014907177,36.44078
1104.9,4.13406126502792,-1.06040014907177,36.4375
1106.9,4.13557391093536,-1.06040014907177,36.44078
1108.9,4.136730887054462,-1.06040014907177,36.44078
1110.9,4.1384101220118,-1.06040014907177,36.4375
1112.9,4.1393071909015715,-1.06040014907177,36.44078
1114.9,4.1403009293961,-1.06040014907177,36.44078
1116.9,4.141672523045007,-1.06040014907177,36.4375
1118.9,4.142451343057164,-1.06040014907177,36.44407
1120.9,4.143396639343178,-1.06040014907177,36.44407
1122.9,4.14427162490313,-1.06040014907177,36.44736
1124.9,4.144979915402309,-1.06040014907177,36.44736
1126.9,4.145736239161169,-1.06040014907177,36.44736
1128.9,4.1468482297029565,-1.06040014907177,36.44407
1130.9,4.147178245152444,-1.06040014907177,36.44407
1132.9,4.14786415893329,-1.06040014907177,36.44407
1134.9,4.14862048188701,-1.06040014907177,36.44407
1136.9,4.14937680484073,-1.06040014907177,36.44407
1138.9,4.149896021745067,-1.06040014907177,36.44407
1140.9,4.15051128927131,-1.06040014907177,36.44407
1142.9,4.150959834310815,-1.06040014907177,36.44407
1144.9,4.15145669296346,-1.06040014907177,36.44407
1146.9,4.151975907503812,-1.06040014907177,36.44078
1148.9,4.152520652661245,-1.06040014907177,36.44078
1150.9,4.153087997900158,-1.06040014907177,36.44215435085274
1152.9,4.153655296507052,-1.06040014907177,36.44250032463958
1154.9,4.15372566182461,-1.06040014907177,36.44078
1156.9,4.154411460233905,-1.06040014907177,36.44078
1158.9,4.154882626017906,-1.06040014907177,36.44078
1160.9,4.15523830773205,-1.06040014907177,36.44078
1162.9,4.15561646920891,-1.06040014907177,36.44078
1164.9,4.15637279216263,-1.06040014907177,36.4375
1166.9,4.156869508840066,-1.06040014907177,36.4375
1168.9,4.15712911511635,-1.06040014907177,36.4375
1170.9,4.157436858866232,-1.06040014907177,36.4342
1172.9,4.15783741114837,-1.06040014907177,36.43091
1174.9,4.158145046521893,-1.06040014907177,36.43091
1176.9,4.1585232062256585,-1.06040014907177,36.43091
1178.9,4.1587603150426435,-1.06040014907177,36.43091
1180.9,4.159279431510107,-1.06040014907177,36.4342
1182.9,4.15977624545437,-1.06040014907177,36.4342
1184.9,4.1599653261928,-1.06040014907177,36.43091
1186.9,4.160414014389336,-1.06040014907177,36.42762
1188.9,4.160651121433186,-1.06040014907177,36.42762
1190.9,4.161029362450608,-1.06040014907177,36.43091
1192.9,4.161596523540987,-1.06040014907177,36.43091
1194.9,4.161785606455138,-1.06040014907177,36.43091
1196.9,4.161926659705601,-1.06040014907177,36.43091
1198.9,4.162541929409034,-1.06040014907177,36.43091
1200.9,4.162731062830757,-1.06040014907177,36.4342
1202.9,4.163061143330795,-1.06040014907177,36.4375
1204.9,4.163439306606718,-1.06040014907177,36.4342
1206.9,4.163817468108697,-1.06040014907177,36.43091
1208.9,4.164006548419162,-1.06040014907177,36.43091
1210.9,4.164454543043389,-1.06040014907177,36.43091
1212.9,4.164762871372745,-1.06040014907177,36.43091
1214.9,4.165141030674274,-1.06040014907177,36.43091
1216.9,4.165756300377749,-1.06040014907177,36.42762
1218.9,4.16582682908412,-1.06040014907177,36.433855154627686
1220.9,4.1149093011939515,0.0,36.4342
1222.9,4.111146459620666,0.0,36.4375
1224.9,4.10891352681676,0.0,36.4375
1226.9,4.107572031852407,0.0,36.43091
1228.9,4.106230123824807,0.0,36.42762
1230.9,4.105491799020375,0.0,36.42464797591237
1232.9,4.104204386694783,0.0019796599610387025,36.42762
1234.9,4.10361926614073,0.0,36.427302486151866
1236.9,4.10305202392544,0.0,36.42762
1238.9,4.102466639006977,0.0,36.42762
1240.9,4.10210662023329,0.0,36.42433
1242.9,4.101368317877011,0.0,36.420735489003015
1244.9,4.10097213580271,0.0,36.41775
1246.9,4.100575699821592,0.0,36.41446
1248.9,4.100044972098944,0.0021863920599418,36.41118
1250.9,4.09983765137214,0.0,36.4046
1252.9,4.09964857063371,0.0,36.39802
1254.9,4.09925215881946,0.0,36.39473
1256.9,4.099063052942263,0.0002113243067115047,36.39143
1258.9,4.098874034600488,0.0,36.38815
1260.9,4.098343278537321,0.0,36.38157
1262.9,4.098307011999919,0.0,36.37828
1264.9,4.0983250054647,0.00021109545887525784,36.37828
1266.9,4.09775776324941,0.0,36.3717
1268.9,4.097397777597162,0.0,36.36841
1270.9,4.09737960177255,0.0,36.36841
1272.9,4.097361579436711,0.0,36.36512
1274.9,4.096983187819907,0.0,36.35855
1276.9,4.09700144029569,0.0,36.35525
1278.9,4.0967941049439425,0.0,36.35525
1280.9,4.0966050046212485,0.0,36.35196
1282.9,4.0964341980804,0.0,36.34538
1284.9,4.096263369970518,0.0,36.3421
1286.9,4.0964341980804,0.0,36.3388
1288.9,4.09624511734197,0.00021123029875891078,36.33552
1290.9,4.09605603660354,0.0,36.33223
1292.9,4.09605603660354,0.0,36.33223
1294.9,4.09567787512668,0.0021863920599418,36.33223
1296.9,4.09567787512668,0.0021863920599418,36.32893
1298.9,4.09548879438825,0.0,36.32565
1300.9,4.09548879438825,0.0,36.31907
1302.9,4.09548879438825,0.0019784283830494545,36.316268636666045
1304.9,4.095470546092366,0.0019753820461217678,36.3125
1306.9,4.095281437561079,0.0,36.3092
1308.9,4.09529971364982,0.0,36.30591
1310.9,4.095263167505814,0.001975095553115405,36.30230204901573
1312.9,4.09495750750013,0.00020788061885300212,36.29933
1314.9,4.09511063291139,0.001975264792536479,36.29275
1316.9,4.148632538801719,-1.10850077439049,36.292645104996616
1318.9,4.152786294463182,-1.11068716645043,36.28935528724643
1320.9,4.15504922699362,-1.10850077439049,36.28298540125778
1322.9,4.15712911511635,-1.10850077439049,36.28609950396386
1324.9,4.158458702875393,-1.10850077439049,36.28288
1326.9,4.1599653261928,-1.10850077439049,36.2828624198833
1328.9,4.1612949291759165,-1.10850077439049,36.2796
1330.9,4.16242337579238,-1.10850077439049,36.2796
1332.9,4.16355786022296,-1.10850077439049,36.28288
1334.9,4.164320200874771,-1.10850077439049,36.28618
1336.9,4.165442622376132,-1.10850077439049,36.29275
1338.9,4.1663880321537885,-1.10850077439049,36.29275
1340.9,4.1669613135147,-1.10850077439049,36.29275
1342.9,4.167723155677567,-1.10850077439049,36.29275
1344.9,4.168657017590704,-1.10850077439049,36.29605
1346.9,4.169413322383923,-1.10850077439049,36.29605
1348.9,4.169803563888491,-1.10850077439049,36.29605
1350.9,4.17074292828329,-1.10850077439049,36.29275
1352.9,4.1713213228606,-1.10850077439049,36.28946
1354.9,4.172249550373383,-1.10850077439049,36.28618
1356.9,4.17282281640602,-1.10850077439049,36.28618
1358.9,4.173023975232581,-1.10850077439049,36.28946
1360.9,4.174140343964068,-1.10850077439049,36.28946
1362.9,4.17471362379032,-1.11068716645043,36.29275
1364.9,4.175274842409326,-1.11068716645043,36.29275
1366.9,4.1756650696454125,-1.11068716645043,36.29605
1368.9,4.17640930965575,-1.10850077439049,36.29933
1370.9,4.176787472716806,-1.10850077439049,36.29933
1372.9,4.1771716733899,-1.10850077439049,36.29933
1374.9,4.1773667764156,-1.10850077439049,36.30262
1376.9,4.178300115708388,-1.10850077439049,36.30591
1378.9,4.178867359204905,-1.10850077439049,36.307602714893164
1380.9,4.1790685152662395,-1.10850077439049,36.3092
1382.9,4.179624186811544,-1.10850077439049,36.3092
1384.9,4.180202989304308,-1.10850077439049,36.3125
1386.9,4.18057512668164,-1.10850077439049,36.3125
1388.9,4.181325410389262,-1.10850077439049,36.3125
1390.9,4.181337488881877,-1.10850077439049,36.31578
1392.9,4.18170961111222,-1.10850077439049,36.3156835888691
1394.9,4.182093794856086,-1.1085704115036912,36.315849752026956
1396.9,4.182838051745155,-1.10850077439049,36.31907
1398.9,4.183417378588721,-1.1085706261599435,36.31910482377663
1400.9,4.183783460039252,-1.11068716645043,36.32236
1402.9,4.18435674145023,-1.1085644512371255,36.32236
1404.9,4.184362764593454,-1.10850077439049,36.32236
1406.9,4.184930024445624,-1.11068716645043,36.32565
1408.9,4.185296104311963,-1.10850077439049,36.32565
1410.9,4.18568030661924,-1.10850077439049,36.32565
1412.9,4.186069469482228,-1.10850077439049,36.32893
1414.9,4.186631731722981,-1.11068716645043,36.32893
1416.9,4.187198994739392,-1.11068716645043,36.33223
1418.9,4.1877541568784435,-1.110617348990525,36.33552
1420.9,4.18813835621883,-1.11068716645043,36.33552
1422.9,4.188333473185387,-1.11068716645043,36.33552
1424.9,4.18889467917255,-1.10850077439049,36.3388
1426.9,4.18927284064941,-1.10850077439049,36.3421
1428.9,4.18946796048155,-1.10850077439049,36.3421
1430.9,4.190023122873867,-1.10850077439049,36.34538
1432.9,4.19021824434155,-1.10850077439049,36.34538
1434.9,4.19059640581841,-1.10850077439049,36.34538
1436.9,4.1911636480337,-1.10850077439049,36.34538
1438.9,4.191175726525641,-1.10850077439049,36.34538
1440.9,4.19191997098742,-1.10850077439049,36.34538
1442.9,4.19248721320271,-1.10850077439049,36.34538
1444.9,4.192871397349228,-1.10850077439049,36.34868
1446.9,4.193054455418,-1.10850077439049,36.35196
1448.9,4.19343261689486,-1.10850077439049,36.35196
1450.9,4.19399985911015,-1.10850077439049,36.35525
1452.9,4.136909117173706,0.00013460885426460007,36.35525
1454.9,4.132749337661625,0.0,36.35525
1456.9,4.1300905695209,0.0,36.35525
1458.9,4.128022320883055,0.0,36.35855
1460.9,4.1268645574823815,0.0,36.35855
1462.9,4.12498538958329,0.0,36.36183
1464.9,4.12385090515271,0.0,36.36183
1466.9,4.12290550146056,0.0,36.36183
1468.9,4.121782656612533,0.0,36.35855
1470.9,4.121192136816586,0.0,36.35525
1472.9,4.12044745186098,0.0,36.35525
1474.9,4.11950204816883,0.0,36.35196
1476.9,4.119112250181279,0.0020518359185159687,36.35196
1478.9,4.118379203223348,0.0,36.34538
1480.9,4.117977762873508,0.0,36.34538
1482.9,4.1174221600461,0.0,36.3421
1484.9,4.11685491783081,0.0,36.33552
1486.9,4.11647675635395,0.0,36.32893
1488.9,4.115886235363323,0.0,36.32565
1490.9,4.115164829183394,0.0,36.31907
1492.9,4.115141551504602,0.0,36.31578
1494.9,4.114597586870563,0.0,36.3092
1496.9,4.1145975869677045,0.0,36.30591
1498.9,4.11401870675437,0.0,36.30262
1500.9,4.11382962601594,0.0,36.29933
1502.9,4.113274023383626,0.0,36.29933
1504.9,4.113084939573641,0.0,36.29933
1506.9,4.11288422232379,0.0001346077349824817,36.29605
1508.9,4.112683502099821,0.0,36.29275
1510.9,4.1123169801085,0.0,36.28946
1512.9,4.112139539050707,0.0,36.28288
1514.9,4.11193881863164,0.0,36.28288
1516.9,4.111738098407741,0.0,36.27970095558293
1518.9,4.11156065715478,0.0,36.27646930407082
1520.9,4.11137157641635,0.0,36.27322194712777
1522.9,4.111170854607629,0.0,36.27281744567544
1524.9,4.110981778622888,0.0,36.26973
1526.9,4.11061525346263,0.0021863920599418,36.26335185788126
1528.9,4.110603612489684,0.0,36.25986
1530.9,4.110603616951271,0.0,36.25328
1532.9,4.11024873751739,0.0021863920599418,36.247419373211784
1534.9,4.110059649148902,0.0,36.2451515573439
1536.9,4.110036373248683,0.0,36.24341
1538.9,4.10985893050891,0.0020518015143784307,36.24341
1540.9,4.10985893050891,0.0001345767300439983,36.24012
1542.9,4.10948076903205,0.0,36.24012
1544.9,4.10948076903205,0.0,36.23355
1546.9,4.109303326194962,0.0,36.23025
1548.9,4.109125889696861,0.0001346088716115512,36.22696
1550.9,4.108925164717937,0.0,36.22038
1552.9,4.1089251678875955,0.0,36.22038
1554.9,4.1087360841751845,0.0,36.2171
1556.9,4.10891352681676,0.0,36.2171
1558.9,4.10834628460147,0.0,36.2138
1560.9,4.1085353653399,0.0,36.21052
1562.9,4.108357925574856,0.0,36.20723
1564.9,4.10834628460147,0.0,36.20393
1566.9,4.10815720386304,0.0,36.20065
1568.9,4.108168843252029,0.0,36.20065
1570.9,4.108145565864012,0.0,36.19736
1572.9,4.10796812312462,0.00205175105218708,36.19078
1574.9,4.10796812312462,0.0,36.19078
1576.9,4.107956482053668,0.0,36.1875
1578.9,4.10779068187283,0.0,36.1875
1580.9,4.107613240815474,0.0020518003826611097,36.1875
1582.9,4.10758996164776,0.0,36.1842
1584.9,4.107767407361322,0.0,36.18091
1586.9,4.107424160077485,0.0,36.17762
1588.9,4.10758996164776,0.0,36.17433
1590.9,4.10740088090933,0.0,36.17105
1592.9,4.10740088090933,0.0,36.16446
1594.9,4.1072118001709,0.0,36.16118
1596.9,4.107045995431559,0.00013457335744220238,36.1546
1598.9,4.106845279668086,0.0,36.1513
1600.9,4.107223441144512,0.0,36.1513
1602.9,4.10702271943247,0.0,36.14802
1604.9,4.16771763646841,-1.14785583146944,36.14802
1606.9,4.1712365859447065,-1.14785583146944,36.14802
1608.9,4.173694834935468,-1.14785583146944,36.14802
1610.9,4.17584810822089,-1.14785583146944,36.14802
1612.9,4.177812497341125,-1.14785583146944,36.14802
1614.9,4.179745223576454,-1.14785583146944,36.14802
1616.9,4.181026871479112,-1.14785583146944,36.14802
1618.9,4.18246593406593,-1.14785583146944,36.14473
1620.9,4.183862862087425,-1.14785583146944,36.14143
1622.9,4.185186645523078,-1.14785583146944,36.14473
1624.9,4.186321131187092,-1.14785583146944,36.14473
1626.9,4.187875695064065,-1.14785583146944,36.14802
1628.9,4.1891571567279495,-1.14785583146944,36.1513
1630.9,4.1901027425208754,-1.14785583146944,36.15788
1632.9,4.19135272877213,-1.14785583146944,36.16118
1634.9,4.19210905172585,-1.14785583146944,36.16118
1636.9,4.19331711754059,-1.14785583146944,36.16118
1638.9,4.19437802058701,-1.14785583146944,36.16446
1640.9,4.195207928094163,-1.14785583146944,36.16775
1642.9,4.196006166464984,-1.14785583146944,36.17105
1644.9,4.19702515092502,-1.14785583146944,36.17105
1646.9,4.19778147387874,-1.14785583146944,36.17762
1648.9,4.19891595830932,-1.14785583146944,36.17762
1650.9,4.19967228126304,-1.1470050459367895,36.1842
1652.9,4.2000085216010925,-1.140811909747619,36.1842
1654.9,4.199934945586952,-1.12599191087002,36.1842
1656.9,4.199714193424681,-1.107165257492229,36.1875
1658.9,4.199977063050671,-1.09975520615072,36.1875
1660.9,4.199745856832229,-1.08663685379107,36.19078
1662.9,4.200008521600738,-1.0814132464142705,36.19407
1664.9,4.1998194452643975,-1.0669593252516,36.19736
1666.9,4.199934945587171,-1.06040014907177,36.20065
1668.9,4.1999770228834015,-1.046432822921226,36.20065
1670.9,4.199976858803271,-1.0372007075065304,36.20065
1672.9,4.199934942683,-1.0254178761127,36.20393
1674.9,4.2000504427399,-1.02104509199282,36.20393
1676.9,4.19986136200147,-1.01011313169311,36.20723
1678.9,4.199934799589773,-1.00574034757323,36.21052
1680.9,4.19986136200147,-0.993472762419056,36.2138
1682.9,4.19981944403092,-0.988249211093691,36.2138
1684.9,4.199976859771587,-0.9808391750166418,36.2171
1686.9,4.2000504427399,-0.975130858734041,36.22038
1688.9,4.199977036829497,-0.965536477965877,36.22368
1690.9,4.199976861270506,-0.9567888796896932,36.22696
1692.9,4.19986136200147,-0.955453330194564,36.22696
1694.9,4.199934944352999,-0.946707761954797,36.22696
1696.9,4.199934943736665,-0.940148585774972,36.22696
1698.9,4.199934766586033,-0.9331006119299009,36.22696
1700.9,4.19986136200147,-0.927030233415321,36.22824031418783
1702.9,4.19986136200147,-0.9191354996185757,36.23355
1704.9,4.1999768603885235,-0.9152474203522032,36.23355
1706.9,4.199934943119834,-0.9086882584300339,36.23312193296963
1708.9,4.199788000771811,-0.902490120441597,36.23025
1710.9,4.19986136200147,-0.8955725687068937,36.23025
1712.9,4.19986136200147,-0.8928988132214286,36.23355
1714.9,4.2000504427399,-0.8903463749922621,36.23683
1716.9,4.1999768588036375,-0.8802651290666664,36.24012
1718.9,4.19986136200147,-0.872370431916776,36.23683
1720.9,4.19986136200147,-0.870184039856834,36.23355
1722.9,4.200092360008906,-0.8649604101041977,36.23355
1724.9,4.19986136200147,-0.8605876300483705,36.23355
1726.9,4.19986136200147,-0.8562148276020097,36.23683
1728.9,4.199934754316355,-0.8496578559976412,36.23355
1730.9,4.199934726078724,-0.8474717904571116,36.23025
1732.9,4.19986136200147,-0.8382390117195616,36.23025
1734.9,4.199976859155305,-0.835201766897766,36.23355
1736.9,4.19986136200147,-0.8259715406466582,36.23355
1738.9,4.2000504427399,-0.824759286330661,36.23355
1740.9,4.200008146763531,-0.821234758453539,36.23683
1742.9,4.19986136200147,-0.8120023029364266,36.23683
1744.9,4.15391474256304,0.00040687794544353454,36.24012
1746.9,4.15104326546755,0.0,36.24012
1748.9,4.1491877241023,0.0,36.24012
1750.9,4.147332186604302,0.0,36.24012
1752.9,4.14578427081056,0.0,36.24341
1754.9,4.144768329333829,0.0,36.24012
1756.9,4.14351530194941,0.001778616389410673,36.23683
1758.9,4.142535044576154,0.0,36.23355
1760.9,4.14162449456511,0.0,36.23025
1762.9,4.14086817161139,0.0,36.22696
1764.9,4.14011184865767,0.0021863920599418,36.22696
1766.9,4.13935552570395,0.0,36.22038
1768.9,4.138823151718188,0.0,36.2171
1770.9,4.138067127743035,0.0,36.214861473686135
1772.9,4.13727563758123,0.001778583163208064,36.2171
1774.9,4.137051286661131,0.0,36.216484434393074
1776.9,4.1365545848089385,0.0,36.2131881650979
1778.9,4.13595207241222,0.0017834675969213352,36.21052
1780.9,4.135538739391638,0.0,36.20723
1782.9,4.134971399130142,0.0017785601886630596,36.20393
1784.9,4.134782321749965,0.0,36.20065
1786.9,4.134096534618048,0.0,36.20065
1788.9,4.133752699412488,0.0,36.19736
1790.9,4.133375288468119,0.0,36.19407
1792.9,4.133269674767007,0.0,36.19078
1794.9,4.1327729700398015,0.0021863920599418,36.1875
1796.9,4.132394808563149,0.0,36.1842
1798.9,4.131946569018603,0.0,36.17762
1800.9,4.13179229616676,0.0021863920599418,36.17762
1802.9,4.131260324132349,0.0,36.17762
1804.9,4.131343594327482,0.0021863920599418,36.17762
1806.9,4.130811623582767,0.00177856826082243,36.17433
1808.9,4.130538440951766,0.0021863920599418,36.16775
1810.9,4.13027965025933,0.0,36.16775
1812.9,4.1302443790852115,0.0021863920599418,36.16446
1814.9,4.130209116827061,0.0017785934191245662,36.16446
1816.9,4.12990148878247,0.0021863920599418,36.16118
1818.9,4.12971240804404,0.0,36.15788
1820.9,4.1291803364525625,0.0,36.15788
1822.9,4.129298978562432,0.0,36.1546
1824.9,4.12895608509032,0.0,36.1513
1826.9,4.128920816601144,0.0,36.14802
1828.9,4.12857792361346,0.0,36.14473
1830.9,4.12838884287503,0.0004077986364387898,36.14143
1832.9,4.128235030732402,0.0,36.13815
1834.9,4.1281997621366,0.0,36.13815
1836.9,4.127856867966492,0.0,36.13486
1838.9,4.127478654503743,0.0,36.12828
1840.9,4.12744343918288,0.0004078020536179905,36.125
1842.9,4.12744343918288,0.0,36.1217
1844.9,4.12744343918288,0.0,36.1217
1846.9,4.12706527770602,0.0,36.11841
1848.9,4.12706527770602,0.0,36.117796983112335
1850.9,4.12687619696759,0.0,36.11183
1852.9,4.12687619696759,0.0,36.10855
1854.9,4.126840927082739,0.0,36.10793443957341
1856.9,4.077057903468114,1.0025825069258976,36.10525
1858.9,4.0697587976908665,1.0254178761127,36.10525
1860.9,4.06674852214693,1.0254178761127,36.09868
1862.9,4.06447955328577,1.0254178761127,36.09538
1864.9,4.06238496005187,1.0254178761127,36.09538
1866.9,4.060857043895017,1.0254178761127,36.09538
1868.9,4.059359358536126,1.0254178761127,36.0921
1870.9,4.05786172744073,1.0254178761127,36.0888
1872.9,4.056697213637615,1.0254178761127,36.08552
1874.9,4.055389047315577,1.0254178761127,36.08223
1876.9,4.054617394816172,1.0254178761127,36.08223
1878.9,4.05332378971842,1.0254178761127,36.07565
1880.9,4.052363410874046,1.0254178761127,36.07565
1882.9,4.051447997146002,1.0254178761127,36.07565
1884.9,4.05048757864197,1.0254178761127,36.07236
1886.9,4.04971628039573,1.0254178761127,36.07565
1888.9,4.04877084168671,1.0254178761127,36.07236
1890.9,4.048188686286848,1.0254178761127,36.07236
1892.9,4.0474622868271,1.0254178761127,36.07236
1894.9,4.04651688313495,1.0254178761127,36.07236
1896.9,4.04576056018123,1.0254178761127,36.07236
1898.9,4.04538239870437,1.0254178761127,36.06907
1900.9,4.04462607575065,1.0254178761127,36.06578
1902.9,4.04405883353536,1.0254178761127,36.06578
1904.9,4.04366606509441,1.0254178761127,36.06578
1906.9,4.042909379385401,1.0254178761127,36.0625
1908.9,4.04235710688949,1.0254178761127,36.0625
1910.9,4.041963999758759,1.0254178761127,36.06578
1912.9,4.04103354172049,1.0254178761127,36.06578
1914.9,4.04065538024363,1.0254178761127,36.06578
1916.9,4.04008813802834,1.0254178761127,36.0625
1918.9,4.03988404260447,1.0254178761127,36.0592
1920.9,4.039286892623861,1.0254178761127,36.0592
1922.9,4.03876457285933,1.0254178761127,36.0592
1924.9,4.038182315832379,1.0254178761127,36.05591
1926.9,4.03761507482457,1.0254178761127,36.05591
1928.9,4.037266940430571,1.0254178761127,36.05564876585593
1930.9,4.0367146716352105,1.0254178761127,36.05262
1932.9,4.03649560399817,1.0254178761127,36.04933
1934.9,4.03592836178288,1.0254178761127,36.04933
1936.9,4.035724267943686,1.0254178761127,36.04933
1938.9,4.035331093365401,1.0254178761127,36.04605
1940.9,4.034967966551623,1.0254178761127,36.04933
1942.9,4.03441571587545,1.0254178761127,36.05262
1944.9,4.0340225427565315,1.0254178761127,36.05262
1946.9,4.033818449873338,1.0254178761127,36.05262
1948.9,4.03328123144487,1.0254178761127,36.05262
1950.9,4.032728982852948,1.0254178761127,36.05591
1952.9,4.0326989810346126,1.0254178761127,36.05262
1954.9,4.03233582775272,1.0254178761127,36.05262
1956.9,4.031783598889618,1.0254178761127,36.05262
1958.9,4.031579504799,1.0254178761127,36.04933
1960.9,4.031375433448631,1.0254178761127,36.04605
1962.9,4.030649110861955,1.0254178761127,36.04275
1964.9,4.030619089590828,1.0254178761127,36.04275
1966.9,4.030430011392987,1.0254178761127,36.03946
1968.9,4.03005205782901,1.0254178761127,36.04275
1970.9,4.029847796832537,1.0254178761127,36.04275
1972.9,4.029136465507608,1.0254178761127,36.04605
1974.9,4.029136468174025,1.0254178761127,36.04275
1976.9,4.02874329372255,1.0254178761127,36.04275
1978.9,4.02855421298412,1.0254178761127,36.04275
1980.9,4.02798697076883,1.0254178761127,36.03946
1982.9,4.027812897948607,1.0254178761127,36.03946
1984.9,4.027593796191545,1.0254178761127,36.03946
1986.9,4.027215637632711,1.0254178761127,36.03946
1988.9,4.026867227422574,1.0254178761127,36.04275
1990.9,4.026837491083888,1.0254178761127,36.03946
1992.9,4.0264743248614,1.0254178761127,36.03946
1994.9,4.02609616338454,1.0254178761127,36.03946
1996.9,4.025937112266896,1.0254178761127,36.03946
1998.9,4.02552892116925,1.0254178761127,36.03946
2000.9,4.025165751732421,1.0254178761127,36.03946
2002.9,4.02499167468251,1.0254178761127,36.03946
2004.9,4.024787611063888,1.0254178761127,36.04275
2006.9,4.02477259821553,1.0254178761127,36.03946
2008.9,4.024379708826032,1.0254178761127,36.03946
2010.9,4.02401627526181,1.0254178761127,36.04275
2012.9,4.0236531209737025,1.0254178761127,36.04275
2014.9,4.023986257815268,1.0254178761127,36.04275
2016.9,4.023434019820485,1.0254178761127,36.03946
2018.9,4.023100351305406,1.0254178761127,36.03971647332301
2020.9,4.02288179083123,1.0254178761127,36.04275
2022.9,4.0226927100928,1.0254178761127,36.04275
2024.9,4.022488617839321,1.0254178761127,36.04275
2026.9,4.0219513975730266,1.0254178761127,36.03946
2028.9,4.021762031509599,1.0254178761127,36.03946
2030.9,4.021732311899925,1.0274308826781584,36.03946
2032.9,4.02136914492379,1.0254178761127,36.03946
2034.9,4.02116505267043,1.0254178761127,36.04275
2036.9,4.02118006418536,1.0254178761127,36.04275
2038.9,4.020787161501223,1.0254178761127,36.04605
2040.9,4.0207869114218715,1.0254178761127,36.04605
2042.9,4.02042374123164,1.0254178761127,36.04605
2044.9,4.02023466049321,1.0254178761127,36.04605
2046.9,4.01985649901635,1.0254178761127,36.04605
2048.9,4.019871293014001,1.0254178761127,36.04605
2050.9,4.019304253763545,1.0254178761127,36.04605
2052.9,4.01928925680107,1.0254178761127,36.04605
2054.9,4.018896083683741,1.0254178761127,36.04275
2056.9,4.018881077878125,1.0254178761127,36.04275
2058.9,4.01853293384735,1.0254178761127,36.04275
2060.9,4.018358843970971,1.0254178761127,36.03946
2062.9,4.018328848334716,1.0254178761127,36.03618
2064.9,4.017950680117518,1.0254178761127,36.03946
2066.9,4.0177916201949895,1.0254178761127,36.03618
2068.9,4.0175875301552,1.0254178761127,36.03946
2070.9,4.01739844941677,1.0254178761127,36.03946
2072.9,4.01720936867834,1.0254178761127,36.03946
2074.9,4.01683120720148,1.0254178761127,36.03618
2076.9,4.01664212646305,1.0254178761127,36.03288
2078.9,4.016801707475102,1.0254178761127,36.03618
2080.9,4.016089875360389,1.0254178761127,36.03946
2082.9,4.015711725785169,1.0254178761127,36.04275
2084.9,4.01588580350933,1.0254178761127,36.04605
2086.9,4.0156967227709,1.0254178761127,36.04933
2088.9,4.015492871686389,1.0254178761127,36.04933
2090.9,4.01531856129404,1.0254178761127,36.04933
2092.9,4.014955413042005,1.0254178761127,36.04933
2094.9,4.01494039981718,1.0254178761127,36.04605
2096.9,4.01456223834032,1.0254178761127,36.04605
2098.9,4.01437315760189,1.0254178761127,36.04605
2100.9,4.01437315760189,1.0254178761127,36.04933
2102.9,4.0138059153866,1.0254178761127,36.052358848617494
2104.9,4.013820928485713,1.0254178761127,36.04933
2106.9,4.01361683464817,1.0254178761127,36.04605
2108.9,4.013442465596778,1.0254178761127,36.04605
2110.9,4.013412776788331,1.0254178761127,36.04275
2112.9,4.01304959243288,1.0254178761127,36.04275
2114.9,4.143666224313026,-1.70757219881454,36.04275
2116.9,4.1570595286130985,-1.70757219881454,36.03946
2118.9,4.163384840628926,-1.70757219881454,36.03946
2120.9,4.1675451945312245,-1.70757219881454,36.04605
2122.9,4.171515886589446,-1.70975859087448,36.04933
2124.9,4.174352095612867,-1.70975859087448,36.05591
2126.9,4.17698259265147,-1.70757219881454,36.0625
2128.9,4.179543499852842,-1.70757219881454,36.06578
2130.9,4.181537163393734,-1.70757219881454,36.07236
2132.9,4.183308481018201,-1.70757219881454,36.07893
2134.9,4.18530214514238,-1.70757219881454,36.08552
2136.9,4.18690101504868,-1.70757219881454,36.0888
2138.9,4.188619379050136,-1.70757219881454,36.09538
2140.9,4.19002916360312,-1.70757219881454,36.10196
2142.9,4.191644668696941,-1.70757219881454,36.10525
2144.9,4.19324353615643,-1.70975859087448,36.11183
2146.9,4.19475618206387,-1.70975859087448,36.11512
2148.9,4.19570158575602,-1.70975859087448,36.1217
2150.9,4.19740331240188,-1.70975859087448,36.1217
2152.9,4.198554426124385,-1.70757219881454,36.12828
2154.9,4.199844726091368,-1.70757219881454,36.13486
2156.9,4.199964218601317,-1.686705311406014,36.14143
2158.9,4.200256157385683,-1.6735869506856087,36.14802
2160.9,4.199758503677484,-1.6429774502704941,36.15409839070507
2162.9,4.199947588725547,-1.62448930053675,36.16118
2164.9,4.199964219602852,-1.60918455611716,36.16775
2166.9,4.200325745892994,-1.5926904328943796,36.17433
2168.9,4.20023952347833,-1.57420228315809,36.1842
2170.9,4.20023952347833,-1.5577081515789792,36.1875
2172.9,4.20013666673876,-1.539027681289565,36.19407
2174.9,4.199947584415914,-1.5249122790336342,36.20243429228422
2176.9,4.1999475842765115,-1.50423773723996,36.20723
2178.9,4.199964218740769,-1.48893299282036,36.21230426479452
2180.9,4.2000504427399,-1.4801874245806,36.22038
2182.9,4.200033803939756,-1.4636932846428559,36.22696
2184.9,4.19986136200147,-1.45395071986129,36.23355
2186.9,4.19986136200147,-1.4396429970531992,36.23683
2188.9,4.199878002525121,-1.4267170285648862,36.24012
2190.9,4.199964221187051,-1.41459566278234,36.24341
2192.9,4.20023952347833,-1.40803648660252,36.25
2194.9,4.200325744308468,-1.3959151291773109,36.25328
2196.9,4.19986136200147,-1.38179978188321,36.25986
2198.9,4.2000504427399,-1.37524060570339,36.26315
2200.9,4.2000504427399,-1.3587464824856947,36.26643
2202.9,4.2000504427399,-1.34900390098409,36.26973
2204.9,4.20023952347833,-1.3412553543593928,36.27302
2206.9,4.200136666739442,-1.3247612594310312,36.2763
2208.9,4.199947584416234,-1.31183523596508,36.2796
2210.9,4.19986136200147,-1.30308966772531,36.28288
2212.9,4.200136667740805,-1.299713926767593,36.28618
2214.9,4.199947583693973,-1.28559853124578,36.28618
2216.9,4.20023952347833,-1.277849979488255,36.28618
2218.9,4.2000504427399,-1.26373461064636,36.28946
2220.9,4.20015312791355,-1.2559880578452645,36.29275
2222.9,4.19986136200147,-1.24405708210688,36.29275
2224.9,4.2000504427399,-1.23749790592706,36.29275
2226.9,4.200067089601622,-1.2255689956946685,36.29275
2228.9,4.19986136200147,-1.21782037738758,36.29605
2230.9,4.199775139725768,-1.20688841708787,36.29933
2232.9,4.199947885975286,-1.19595645678816,36.30591
2234.9,4.199878000799412,-1.18721088854839,36.3125
2236.9,4.2000504427399,-1.18283810442851,36.31578
2238.9,4.199947584137942,-1.1719061441288,36.3221091961611
2240.9,4.2000504427399,-1.16534696794898,36.32236
2242.9,4.19986136200147,-1.15441500764927,36.32565
2244.9,4.199877997629973,-1.146666454288569,36.32565
2246.9,4.20023952347833,-1.13911026322968,36.32714566770553
2248.9,4.2001533020643205,-1.13036469498991,36.32743430963884
2250.9,4.199947586001311,-1.12161912675014,36.33223
2252.9,4.19986136200147,-1.11287355851037,36.33223
2254.9,4.13954460644238,0.0,36.33223
2256.9,4.136025274133072,0.0,36.33223
2258.9,4.133945387952849,0.0013399181691749374,36.33552
2260.9,4.132286336917079,0.0,36.33223
2262.9,4.13077349684146,0.0008486936897214603,36.33223
2264.9,4.129450127425145,0.0013399619118154296,36.33223
2266.9,4.12838884287503,0.0,36.33223
2268.9,4.127181156365451,0.0,36.33223
2270.9,4.12649803549073,0.0,36.33223
2272.9,4.125626032624991,0.0013376383191207146,36.33552
2274.9,4.125058589106209,0.0,36.33223
2276.9,4.124113189810437,0.0,36.32893
2278.9,4.12366182441428,0.0,36.32565
2280.9,4.12309458219899,0.0,36.32565
2282.9,4.12241165971812,0.0,36.32236
2284.9,4.121917417303126,0.0008464331095183997,36.31907
2286.9,4.121697818120347,0.0,36.3125
2288.9,4.12101469407627,0.0,36.3092
2290.9,4.12082561333784,0.0,36.30262
2292.9,4.12025837112255,0.0,36.29605
2294.9,4.12006929038412,0.0,36.29275
2296.9,4.1196179293839785,0.0,36.29275
2298.9,4.119239764737448,0.0,36.28946
2300.9,4.118977487645407,0.0,36.28946
2302.9,4.11855664447668,0.0021863920599418,36.28618
2304.9,4.11817848299982,0.0,36.2796
2306.9,4.11817848299982,0.0,36.2796
2308.9,4.11780032152296,0.0013399477128594084,36.2763
2310.9,4.11761124078453,0.0,36.27302
2312.9,4.117379918962131,0.0,36.27302
2314.9,4.116928118325253,0.0021863920599418,36.27302
2316.9,4.116897597068246,0.0021863920599418,36.27302
2318.9,4.11685491783081,0.0,36.27100369118023
2320.9,4.116360875752493,0.0,36.26643
2322.9,4.11628767561552,0.0,36.26442321109592
2324.9,4.115982715860173,0.0,36.25986
2326.9,4.116055917582431,0.0,36.25328
2328.9,4.115793635121998,0.0,36.25
2330.9,4.115647231934204,0.0021863920599418,36.2467
2332.9,4.11553135266181,0.0,36.2467
2334.9,4.115384947276176,0.0021863920599418,36.24012
2336.9,4.115226392293418,0.0,36.24012
2338.9,4.115079990076812,0.0021863920599418,36.23683
2340.9,4.11496411044652,0.0008464555775202934,36.23355
2342.9,4.114848427632023,0.0,36.22696
2344.9,4.114659151049167,0.0021863920599418,36.22696
2346.9,4.11458594896966,0.0008464289848391059,36.22038
2348.9,4.114470069697218,0.0,36.2138
2350.9,4.11458594896966,0.0,36.21052
2352.9,4.1142077874928,0.0,36.2138
2354.9,4.1142077874928,0.0,36.2138
2356.9,4.114280988857449,0.0021863920599418,36.2138
2358.9,4.114177269659735,0.0013399660356606853,36.2138
2360.9,4.113945506259089,0.0,36.21052
2362.9,4.11382962601594,0.0013376210892645504,36.20723
2364.9,4.11371374515926,0.0021863920599418,36.20393
2366.9,4.113713743830309,0.0008464147959648068,36.20393
2368.9,4.11345146453908,0.0021863920599418,36.20065
2370.9,4.113713745415186,0.0013399589376149655,36.19736
2372.9,4.113524876626225,0.0,36.19407
2374.9,4.11337826465722,0.0021863920599418,36.19407
2376.9,4.11326238380065,0.0008464218909379011,36.19407
2378.9,4.11349414183308,0.0021863920599418,36.19078
2380.9,4.113189181720372,0.0,36.1875
2382.9,4.11299989097494,0.0,36.1842
2384.9,4.11326238380065,0.0008464301668049447,36.17804197778647
2386.9,4.11307330306222,0.0021863920599418,36.17496491211464
2388.9,4.112926900332787,0.0,36.17433
2390.9,4.11288422232379,0.0021863920599418,36.17105
2392.9,4.112768342336517,0.0,36.16775
2394.9,4.11269514158536,0.0,36.16244980471717
2396.9,4.1127683433078985,0.0,36.16118
2398.9,4.11269514158536,0.0021863920599418,36.15788
2400.9,4.1126219420605805,0.0013399660246995412,36.15788
2402.9,4.11250606084693,0.0,36.15788
2404.9,4.11250606084693,0.0008464343053720947,36.1546
2406.9,4.11250606084693,0.0021863920599418,36.14802
2408.9,4.11250606084693,0.0021863920599418,36.14473
2410.9,4.112463380385172,0.0008464331299627844,36.14473
2412.9,4.112085221565155,0.0021863920599418,36.13815
2414.9,4.112243778027892,0.0021863920599418,36.13815
2416.9,4.112243778999184,0.0021863920599418,36.13486
2418.9,4.112201101092904,0.0,36.13157
2420.9,4.11212789937007,0.0,36.13157
2422.9,4.112432858766432,0.0,36.125
2424.9,4.112201099252633,0.0,36.125
2426.9,4.11212789937007,0.0,36.1217
2428.9,4.11212789937007,0.0,36.11841
2430.9,4.112085222077463,0.0,36.11512
2432.9,4.112054696675975,0.0,36.10855
2434.9,4.112012019127954,0.0013399547905775275,36.10855
2436.9,4.11186561787961,0.0021863920599418,36.10525
2438.9,4.1118229380317235,0.0013399589279263918,36.10525
2440.9,4.111792418354982,0.0,36.10525
2442.9,4.11174973789321,0.0013399406057515053,36.10196
2444.9,4.11156065715478,0.0013399476955350364,36.09868
2446.9,4.11174973789321,0.0,36.09868
2448.9,4.111633856679933,0.0,36.09538
2450.9,4.11174973789321,0.0,36.09538
2452.9,4.111865616550703,0.0,36.0888
2454.9,4.111517974955719,0.0,36.08552
2456.9,4.111444777526029,0.0,36.08552
2458.9,4.111676536169827,0.0008464514582955205,36.08223
2460.9,4.11156065715478,0.0008464372689951719,36.07893
2462.9,4.111487457016047,0.0,36.07893
2464.9,4.111633858622638,0.0008464485035852487,36.07565
2466.9,4.11156065715478,0.0,36.07278199488888
2468.9,4.063969576920297,1.018459807634646,36.07236
2470.9,4.05143298233412,1.1194327346902,36.07565
2472.9,4.04840769051925,1.1194327346902,36.07236
2474.9,4.04632780239652,1.1194327346902,36.07236
2476.9,4.044260086222929,1.1194327346902,36.06928179160289
2478.9,4.042936520646173,1.1194327346902,36.06907
2480.9,4.041423938189017,1.1194327346902,36.06907
2482.9,4.040265048198086,1.1194327346902,36.06907
2484.9,4.03914273433619,1.1194327346902,36.06578
2486.9,4.037831341320562,1.1194327346902,36.0625
2488.9,4.037264102166733,1.1194327346902,36.0592
2490.9,4.0364834077171565,1.1194327346902,36.0592
2492.9,4.035184210778696,1.1194327346902,36.05591
2494.9,4.034616968665747,1.1194327346902,36.05591
2496.9,4.03384847366016,1.1194327346902,36.05591
2498.9,4.03291524033313,1.1194327346902,36.05262
2500.9,4.03233582775272,1.1194327346902,36.05262
2502.9,4.031780754623761,1.1194327346902,36.05591
2504.9,4.03101226258371,1.1194327346902,36.05591
2506.9,4.03044502036842,1.11724634263026,36.05591
2508.9,4.030079031555538,1.1194327346902,36.05262
2510.9,4.02931053593784,1.1194327346902,36.04933
2512.9,4.028731123255425,1.1194327346902,36.04933
2514.9,4.02817605150726,1.1194327346902,36.04933
2516.9,4.02760880929197,1.1194327346902,36.04933
2518.9,4.02723064781511,1.1194327346902,36.04605
2520.9,4.0266756619932575,1.1194327346902,36.04605
2522.9,4.02644998351893,1.1194327346902,36.04605
2524.9,4.02574234560304,1.1194327346902,36.04605
2526.9,4.02552892116925,1.1194327346902,36.04605
2528.9,4.02515075969239,1.1194327346902,36.04605
2530.9,4.024382219379404,1.1194327346902,36.04605
2532.9,4.024181011895825,1.1194327346902,36.04605
2534.9,4.02346120509833,1.1194327346902,36.04605
2536.9,4.02325995230809,1.1194327346902,36.04933
2538.9,4.02288179083123,1.1194327346902,36.04933
2540.9,4.02231454861594,1.1194327346902,36.05254874222479
2542.9,4.02193638713908,1.1194327346902,36.05262
2544.9,4.02119223455064,1.1194327346902,36.04933
2546.9,4.0211678938198,1.1194327346902,36.04605
2548.9,4.02099098344693,1.1194327346902,36.04605
2550.9,4.020435986318516,1.1194327346902,36.04275
2552.9,4.020210322318992,1.1194327346902,36.045837614604245
2554.9,4.01966741827792,1.1194327346902,36.04275
2556.9,4.0196552448449925,1.1194327346902,36.04933
2558.9,4.01910017606264,1.1194327346902,36.04933
2560.9,4.01872201458578,1.1192911602799214,36.04933
2562.9,4.01834385310892,1.1194327346902,36.04605
2564.9,4.01815477237049,1.1194327346902,36.04605
2566.9,4.01796569163206,1.1194327346902,36.04933
2568.9,4.0175875301552,1.1194327346902,36.04933
2570.9,4.017221634159797,1.1194327346902,36.04933
2572.9,4.016654297135055,1.1194327346902,36.04605
2574.9,4.016629956199375,1.1194327346902,36.04275
2576.9,4.01607488424776,1.1194327346902,36.04275
2578.9,4.0160627126579564,1.1194327346902,36.04605
2580.9,4.015519906605028,1.1194327346902,36.04605
2582.9,4.0151416510238285,1.1194327346902,36.04605
2584.9,4.01494039981718,1.1194327346902,36.04275
2586.9,4.014550066491472,1.1194327346902,36.04275
2588.9,4.014196257033864,1.1194327346902,36.04275
2590.9,4.01399499612503,1.1194327346902,36.04275
2592.9,4.0138059153866,1.11724634263026,36.04275
2594.9,4.013604661215015,1.1194327346902,36.04275
2596.9,4.01323867317131,1.1194327346902,36.04275
2598.9,4.012872683488615,1.1194327346902,36.04605
2600.9,4.01286051169445,1.1194327346902,36.04605
2602.9,4.012305440049097,1.1194327346902,36.04933
2604.9,4.012116362378247,1.1194327346902,36.04933
2606.9,4.01191510800231,1.1194327346902,36.04933
2608.9,4.01153694652545,1.1194327346902,36.04933
2610.9,4.01115878504859,1.1194327346902,36.04605
2612.9,4.010792797209798,1.1194327346902,36.04605
2614.9,4.01078062357173,1.1194327346902,36.04605
2616.9,4.01040246209487,1.1194327346902,36.04605
2618.9,4.0102255576415216,1.1194327346902,36.04605
2620.9,4.00983521987958,1.1194327346902,36.04605
2622.9,4.009823046139377,1.1194327346902,36.04911882107083
2624.9,4.009280151200114,1.1192919687809517,36.046261175383776
2626.9,4.009091068775259,1.1194327346902,36.04605
2628.9,4.008877631925846,1.1194327346902,36.04605
2630.9,4.008700735449,1.1194327346902,36.04275
2632.9,4.00832257397214,1.1194327346902,36.04275
2634.9,4.00794441249528,1.1194327346902,36.04275
2636.9,4.007932240543652,1.1194327346902,36.04275
2638.9,4.00756625101842,1.1194327346902,36.04758436496399
2640.9,4.007200377696015,1.1194327346902,36.05262
2642.9,4.00699900880313,1.1194327346902,36.04933
2644.9,4.00664520012462,1.1194327346902,36.05262
2646.9,4.0066330162099915,1.1194327346902,36.05262
2648.9,4.006419588614691,1.1194327346902,36.05262
2650.9,4.00605360511098,1.1194327346902,36.05262
2652.9,4.00568761420482,1.1194327346902,36.05262
2654.9,4.0056876156876555,1.1194327346902,36.05591
2656.9,4.005309457278387,1.1194327346902,36.05591
2658.9,4.005120373166324,1.1194327346902,36.05262
2660.9,4.004931375886385,1.1194327346902,36.05591
2662.9,4.004742210614798,1.1194327346902,36.05591
2664.9,4.00454095920355,1.1194327346902,36.0592
2666.9,4.004339706513773,1.1194327346902,36.05591
2668.9,4.003998074257396,1.1194327346902,36.05591
2670.9,4.0037724001178026,1.1194327346902,36.05591
2672.9,4.003607740908427,1.1194327346902,36.05591
2674.9,4.003394303025139,1.1194327346902,36.05591
2676.9,4.003040483662931,1.1194327346902,36.05591
2678.9,4.0028270590820485,1.1194327346902,36.05591
2680.9,4.00283923255768,1.1194327346902,36.05591
2682.9,4.0028148858930175,1.1194327346902,36.0592
2684.9,4.002095081453915,1.1194327346902,36.0592
2686.9,4.00189382886553,1.1194327346902,36.05591
2688.9,4.0017047481271,1.1194327346902,36.05591
2690.9,4.00171698835821,1.1194327346902,36.05591
2692.9,4.001149677659641,1.1194327346902,36.05591
2694.9,4.00094842517338,1.1194327346902,36.05594479541188
2696.9,4.001125212464766,1.1194327346902,36.0592
2698.9,4.00057026369652,1.1194327346902,36.0625
2700.9,4.00055806930845,1.1194327346902,36.0625
2702.9,4.00000302148123,1.1194327346902,36.0625
2704.9,3.9999906953651623,1.1194327346902,36.0625
2706.9,3.9998139407428,1.1194327346902,36.06578
2708.9,3.9996126909154994,1.1194327346902,36.06578
2710.9,3.999612673545684,1.1194327346902,36.06907
2712.9,3.9992345160953615,1.1194327346902,36.06907
2714.9,3.9988809711683566,1.1194327346902,36.07236
2716.9,3.9988440091857242,1.1194327346902,36.07236
2718.9,3.99830129483536,1.1194327346902,36.07565
2720.9,3.99830129483536,1.1194327346902,36.07565
2722.9,3.9979231333585,1.1194327346902,36.07236
2724.9,3.997721718548954,1.1194327346902,36.07236
2726.9,3.997532786790225,1.1194327346902,36.07565
2728.9,3.99735589114321,1.1194327346902,36.07236
2730.9,3.9968130251111105,1.1194327346902,36.07236
2732.9,3.99697772966636,1.1194327346902,36.07236
2734.9,3.9967763109644276,1.1194327346902,36.07236
2736.9,3.99622140671264,1.1194327346902,36.07565
2738.9,3.9962092362426604,1.1194327346902,36.07236
2740.9,3.996056703594686,1.1194327346902,36.07565
2742.9,3.995831073181151,1.1194327346902,36.07565
2744.9,3.9956418486120673,1.1194327346902,36.07893
2746.9,3.99527600302049,1.1194327346902,36.07893
2748.9,3.995452911500044,1.1194327346902,36.07893
2750.9,3.99526382091144,1.1194327346902,36.08223
2752.9,3.99489784154363,1.1194327346902,36.08223
2754.9,3.994507362426549,1.1194327346902,36.07893
2756.9,3.994153801569564,1.1194327346902,36.07893
2758.9,3.99414151858991,1.1194327346902,36.07565
2760.9,3.993775544030443,1.1194327346902,36.07236
2762.9,3.9935864499122045,1.1194327346902,36.06907
2764.9,3.99357427637462,1.1194327346902,36.06907
2766.9,3.99319611489776,1.1194327346902,36.07218100666866
2768.9,3.99300703415933,1.1194327346902,36.07236
2770.9,3.992830140440719,1.1194327346902,36.07257205383234
2772.9,3.99243979194404,1.1194327346902,36.07871887425325
2774.9,4.049912069020384,0.0,36.08079487920847
2776.9,4.053693673182627,0.0,36.080652237505475
2778.9,4.055872246741879,0.0,36.07893
2780.9,4.057853450665345,0.0,36.07893
2782.9,4.0592756985183,0.0,36.07893
2784.9,4.06088701925561,0.0,36.07893
2786.9,4.061922830441009,0.0011409856000370474,36.07893
2788.9,4.063065583723799,0.0,36.07893
2790.9,4.063904043802738,0.0,36.07893
2792.9,4.064759039863234,0.0,36.07893
2794.9,4.06542495697792,0.0,36.08223
2796.9,4.06637036067007,0.0,36.07893
2798.9,4.06692933244795,0.0,36.07893
2800.9,4.067702193383848,0.0,36.07893
2802.9,4.067981683958084,0.0,36.07893
2804.9,4.06882841026966,0.0,36.07893
2806.9,4.069486060874021,0.0,36.07565
2808.9,4.07006156636113,0.0,36.07236
2810.9,4.070439730180177,0.0,36.07236
2812.9,4.07071921765396,0.0,36.07236
2814.9,4.07128645986924,0.0,36.06907
2816.9,4.071467276508647,0.0,36.06907
2818.9,4.07185370208453,0.0,36.06907
2820.9,4.07242094429982,0.0,36.06578
2822.9,4.072708699041876,0.0,36.0625
2824.9,4.07317726725354,0.0,36.0625
2826.9,4.073275940499439,0.0,36.0592
2828.9,4.07374450946883,0.0,36.05591
2830.9,4.073843181956926,0.0,36.05591
2832.9,4.074032264280231,0.0,36.05262
2834.9,4.07450083242255,0.0,36.04933
2836.9,4.07450083242255,0.0,36.04933
2838.9,4.07468991316098,0.0,36.04933
2840.9,4.074969402976577,0.0,36.04933
2842.9,4.07506807463784,0.0,36.04933
2844.9,4.0754462361147,0.0,36.04605
2846.9,4.075536643676287,0.0,36.04605
2848.9,4.075816135007905,0.0,36.03946
2850.9,4.07620255906842,0.0,36.03946
2852.9,4.07601347832999,0.0,36.03946
2854.9,4.07639163980685,0.0,36.03946
2856.9,4.076671130379818,0.0,36.03618
2858.9,4.0766793922064855,0.0,36.03183285008528
2860.9,4.07676980128371,0.0,36.0296
2862.9,4.076868474529896,0.0,36.0263
2864.9,4.0772466344219955,0.0,36.0263
2866.9,4.077328774575259,0.0,36.02302
2868.9,4.077337043499,0.0,36.01973
2870.9,4.07771520497586,0.0,36.01973
2872.9,4.077624798999432,0.0,36.01973
2874.9,4.077813878222142,0.0,36.01643
2876.9,4.07781387973781,0.0,36.01643
2878.9,4.0778056131561415,0.0,36.01643
2880.9,4.07809336645272,0.0,36.01315
2882.9,4.078290711291752,0.0,36.01643
2884.9,4.07828244719115,0.0,36.01643
2886.9,4.07809336645272,0.0,36.01315
2888.9,4.07866060866801,0.0,36.00986
2890.9,4.07847152792958,0.0,36.00986
2892.9,4.07847152792958,0.0,36.00657
2894.9,4.07866060866801,0.0011409951783557682,36.00657
2896.9,4.07884968940644,0.0,36.00657
2898.9,4.0789483603106,0.0,36.00328
2900.9,4.078948363480229,0.0,36.0
2902.9,4.078940095382791,0.0,36.0
2904.9,4.07903877014486,0.0011409768565021372,35.9967
2906.9,4.07922785088329,0.0,35.9967
2908.9,4.079129179290559,0.0,35.99012
2910.9,4.07941693162172,0.0,35.98683
2912.9,4.079318256720769,0.0,35.98683
2914.9,4.079408657457784,0.0,35.98355
2916.9,4.07950733918226,0.0,35.98025
2918.9,4.079515601699227,0.0,35.97696
2920.9,4.011444926713251,1.39929091836275,35.97696
2922.9,4.0049191206804,1.39929091836275,35.97696
2924.9,4.001106828401223,1.39929091836275,35.97696
2926.9,3.9984596999472433,1.39929091836275,35.97368
2928.9,3.996001654545603,1.39929091836275,35.97696
2930.9,3.993732681187306,1.39929091836275,35.97696
2932.9,3.9921893656934593,1.39929091836275,35.97696
2934.9,3.99054898455974,1.39929091836275,35.97696
2936.9,3.9890056672659364,1.39929091836275,35.97696
2938.9,3.9875543644309355,1.39929091836275,35.97696
2940.9,3.9865481050292515,1.39929091836275,35.97696
2942.9,3.98525472388371,1.39929091836275,35.97696
2944.9,3.9840896413471656,1.39929091836275,35.97696
2946.9,3.98298575502255,1.39929091836275,35.98025
2948.9,3.98200967647523,1.39929091836275,35.98025
2950.9,3.98109494763826,1.39929091836275,35.98025
2952.9,3.98014954394611,1.39929091836275,35.98355
2954.9,3.979234818063135,1.39929091836275,35.98355
2956.9,3.978417141931334,1.39929091836275,35.98355
2958.9,3.97788057508495,1.39929091836275,35.98355
2960.9,3.97712425213123,1.39929091836275,35.99012
2962.9,3.976020442298734,1.39929091836275,35.99012
2964.9,3.97580068696222,1.39929091836275,35.99341
2966.9,3.97485528327008,1.39929091836275,35.99012
2968.9,3.97428804105479,1.39929091836275,35.99012
2970.9,3.97353171810107,1.39929091836275,35.99341
2972.9,3.9729951488984723,1.39929091836275,35.9967
2974.9,3.97220815293206,1.39929091836275,35.9967
2976.9,3.9718299914552,1.39929091836275,36.0
2978.9,3.971232075156391,1.39929091836275,36.00328
2980.9,3.970603475267172,1.39929091836275,36.00328
2982.9,3.9702866714641485,1.39929091836275,36.00657
2984.9,3.9694024080016557,1.39929091836275,36.00657
2986.9,3.96899378037875,1.39929091836275,36.00657
2988.9,3.9684572109192975,1.39929091836275,36.00986
2990.9,3.9680483766866,1.39929091836275,36.00986
2992.9,3.9676395435245118,1.39929091836275,36.00986
2994.9,3.967133421067208,1.39929091836275,36.00986
2996.9,3.966566360408311,1.39929091836275,36.01315
2998.9,3.9663159783555373,1.39929091836275,36.01643
3000.9,3.96559032708702,1.39929091836275,36.01643
3002.9,3.965370577318606,1.39929091836275,36.01973
3004.9,3.9648035741908765,1.39929091836275,36.02302
3006.9,3.96445584265644,1.39929091836275,36.0263
3008.9,3.96388860044115,1.39929091836275,36.0296
3010.9,3.96369951970272,1.39929091836275,36.03270153437759
3012.9,3.96297387108924,1.39929091836275,36.02968760354898
3014.9,3.9626563794893914,1.39929091836275,36.03618
3016.9,3.96237595453371,1.39929091836275,36.03618
3018.9,3.96199779305685,1.39929091836275,36.03946
3020.9,3.96143055084156,1.39929091836275,36.04275
3022.9,3.9613692138104133,1.39929091836275,36.04275
3024.9,3.960832845398718,1.39929091836275,36.04605
3026.9,3.96048514714942,1.39929091836275,36.04933
3028.9,3.9599485792739304,1.39929091836275,36.05591
3030.9,3.9596981482713898,1.39929091836275,36.05591
3032.9,3.95935066271884,1.39929091836275,36.0592
3034.9,3.95916158198041,1.39929091836275,36.0625
3036.9,3.958624971233011,1.39929091836275,36.0625
3038.9,3.9583745860145627,1.39929091836275,36.06907
3040.9,3.9578380168114,1.39929091836275,36.06907
3042.9,3.9574905323293987,1.39929091836275,36.07236
3044.9,3.9571425974794177,1.39929091836275,36.07236
3046.9,3.9568619806260217,1.39929091836275,36.07565
3048.9,3.9566728577841483,1.39929091836275,36.07565
3050.9,3.956356045500944,1.39929091836275,36.07893
3052.9,3.9559472094271,1.39929091836275,36.07893
3054.9,3.9552518139502637,1.39929091836275,36.08223
3056.9,3.955160257613462,1.39929091836275,36.08552
3058.9,3.9549404597113558,1.39929091836275,36.0888
3060.9,3.95424548278123,1.39929091836275,36.0888
3062.9,3.95424548278123,1.39929091836275,36.092632096321964
3064.9,3.953836871133973,1.39929091836275,36.09538
3066.9,3.9532694468966794,1.39929091836275,36.09868
3068.9,3.953269407662031,1.39929091836275,36.09868
3070.9,3.9527021622770366,1.39929091836275,36.10196
3072.9,3.952385347081152,1.39929091836275,36.10855
3074.9,3.9521351604666486,1.39929091836275,36.11183
3076.9,3.95162898591746,1.39929091836275,36.111917486838834
3078.9,3.9514399428745914,1.39929091836275,36.11841
3080.9,3.9511895572795463,1.39929091836275,36.1217
3082.9,3.9508420294895,1.39929091836275,36.125
3084.9,3.950622515070304,1.39929091836275,36.125
3086.9,3.95008570653578,1.39929091836275,36.12828
3088.9,3.9498659541136703,1.39929091836275,36.13486
3090.9,3.94951846432049,1.39929091836275,36.13815
3092.9,3.94951846432049,1.39929091836275,36.13815
3094.9,3.9491098720816176,1.39929091836275,36.13815
3096.9,3.94860368991151,1.39929091836275,36.13815
3098.9,3.94819489915148,1.39929091836275,36.14143
3100.9,3.94800581841305,1.39929091836275,36.14473
3102.9,3.94743857619776,1.39929091836275,36.14473
3104.9,3.947408130022214,1.39929091836275,36.14802
3106.9,3.9471216693634408,1.39929091836275,36.14802
3108.9,3.94668225324404,1.39929091836275,36.1513
3110.9,3.94620703802846,1.39929091836275,36.15788
3112.9,3.94630409176718,1.3996455863631188,36.16118
3114.9,3.94592593029032,1.39929091836275,36.16775
3116.9,3.9453893116743455,1.39929091836275,36.16775
3118.9,3.945328016134528,1.39929091836275,36.17105
3120.9,3.9449192103001818,1.39929091836275,36.17105
3122.9,3.9446330378752865,1.39929091836275,36.17433
3124.9,3.94438282463893,1.39929091836275,36.17433
3126.9,3.94403512290603,1.39929091836275,36.17433
3128.9,3.94365696142917,1.39929091836275,36.17433
3130.9,3.943248141546569,1.39929091836275,36.17531589743242
3132.9,3.943059045945884,1.39929091836275,36.18091
3134.9,3.9427420073952057,1.39929091836275,36.181439823271596
3136.9,3.9423027683823704,1.39929091836275,36.1875
3138.9,3.9419552347833,1.3996456294461659,36.1875
3140.9,3.9417354945683103,1.39929091836275,36.19078
3142.9,3.94138799256801,1.39929091836275,36.191313732700976
3144.9,3.9411684416922057,1.39929091836275,36.19407
3146.9,3.9406622989855586,1.39929091836275,36.19736
3148.9,3.94063166961429,1.39929091836275,36.20065
3150.9,3.940064427399,1.39929091836275,36.20065
3152.9,3.9398446736500605,1.39929091836275,36.20393
3154.9,3.939716717677927,1.39929091836275,36.20723
3156.9,3.9391496558978236,1.39929091836275,36.20723
3158.9,3.9389606133241624,1.39929091836275,36.21052
3160.9,3.938613132823195,1.39929091836275,36.21052
3162.9,3.9385211071534134,1.39929091836275,36.2138
3164.9,3.938332246590363,1.39929091836275,36.2138
3166.9,3.937826092266989,1.39929091836275,36.2138
3168.9,3.9375757050455635,1.39929091836275,36.2138
3170.9,3.937008459661358,1.4011225963754665,36.22038
3172.9,3.936722323297305,1.39929091836275,36.22368
3174.9,3.936502339287846,1.39929091836275,36.22696
3176.9,3.93628281263041,1.39929091836275,36.23025
3178.9,3.9986888734178483,0.0016670171840560371,36.23683
3180.9,4.0056307420381385,0.0,36.24012
3182.9,4.009223184888565,0.0,36.2467
3184.9,4.01229326947916,0.0021863920599418,36.2467
3186.9,4.014895634217008,0.0005176368232351935,36.24341
3188.9,4.01702028793991,0.001666625862723886,36.2467
3190.9,4.018577621400502,0.0021863920599418,36.2467
3192.9,4.020523178353954,0.0005182867703169404,36.2474822688224
3194.9,4.02193638713908,0.0016698855645862114,36.2467
3196.9,4.02344903304652,0.0,36.2467
3198.9,4.024916827294531,0.0,36.2467
3200.9,4.026051463288151,0.0,36.24790012050456
3202.9,4.02741972855354,0.0,36.2467
3204.9,4.02836513224569,0.0,36.2467
3206.9,4.0296886974147,0.0,36.2467
3208.9,4.03063410110685,0.0021863920599418,36.2467
3210.9,4.031624200598718,0.0,36.2467
3212.9,4.03252490849115,0.0016661198168618407,36.2467
3214.9,4.033614731498623,0.0005164321954692378,36.2467
3216.9,4.03441571587545,0.0,36.2467
3218.9,4.03517203882916,0.0,36.2467
3220.9,4.03611744252131,0.0005164558605299891,36.24341
3222.9,4.037018177564604,0.0021863920599418,36.2467
3224.9,4.03763008842875,0.0005164278686584387,36.24341
3226.9,4.038530824645853,0.0,36.24341
3228.9,4.039187392964358,0.0016699921831212182,36.24012
3230.9,4.03970997655148,0.0,36.23355
3232.9,4.040610722451749,0.0,36.22696
3234.9,4.04122262245892,0.0,36.22696
3236.9,4.041745201204695,0.0005164558585157813,36.22696
3238.9,4.042690607317318,0.0016699641900107135,36.22696
3240.9,4.043068767209322,0.0021863920599418,36.22368
3242.9,4.043536255163974,0.0005164601878034727,36.22038
3244.9,4.04410349449706,0.0,36.2171
3246.9,4.04477049385545,0.0,36.2171
3248.9,4.045237979389378,0.0021863920599418,36.2138
3250.9,4.0455268171830525,0.0021863920599418,36.21052
3252.9,4.046228038166147,0.0016699965093968363,36.21052
3254.9,4.046661303285788,0.0,36.20723
3256.9,4.0472285466243845,0.0016699825148645902,36.20393
3258.9,4.04750694545565,0.0005163998812397674,36.19800715551274
3260.9,4.048173947521408,0.0016699501940629718,36.19736
3262.9,4.048363030680352,0.0,36.191557080051595
3264.9,4.04878585199611,0.0,36.1875
3266.9,4.04935309421139,0.0021863920599418,36.1875
3268.9,4.04935309421139,0.0021863920599418,36.1875
3270.9,4.04992033642668,0.0021863920599418,36.1875
3272.9,4.050154080635203,0.0021863920599418,36.1842
3274.9,4.050576900741187,0.0016699641833468745,36.1842
3276.9,4.05086574011883,0.0016699685154763632,36.1813224525582
3278.9,4.05124390159569,0.0021863920599418,36.18091
3280.9,4.05143298233412,0.0016699781813131545,36.17762
3282.9,4.05181114381098,0.0021863920599418,36.17433
3284.9,4.05200022454941,0.0021863920599418,36.17433
3286.9,4.052234022092387,0.0021863920599418,36.17105
3288.9,4.0525674667647,0.0021863920599418,36.16775
3290.9,4.05275654750313,0.0005166443740494758,36.16446
3292.9,4.05313470897999,0.0005173597636590069,36.16118
3294.9,4.053567965801184,0.0021863920599418,36.15788
3296.9,4.053602447137742,0.0,36.1513
3298.9,4.05389103193371,0.0,36.1513
3300.9,4.0540354390667375,0.0,36.1513
3302.9,4.054224396317661,0.0,36.14802
3304.9,4.054124776891546,0.0005164645298200211,36.14802
3306.9,4.054503069309156,0.0,36.14802
3308.9,4.054791535318314,0.0,36.14802
3310.9,4.05502551636429,0.0,36.14473
3312.9,4.05516985466623,0.0021863920599418,36.14473
3314.9,4.055359013996346,0.0,36.14473
3316.9,4.05559275857958,0.0016685188689180256,36.13815
3318.9,4.05559275857958,0.0,36.13815
3320.9,4.05597092005644,0.0,36.13486
3322.9,4.05597092005644,0.0,36.13157
3324.9,4.05616000079487,0.0021863920599418,36.12828
3326.9,4.056204797167996,0.0005179926592970615,36.125
3328.9,4.05634908153329,0.001666291345497472,36.125
3330.9,4.05653816227172,0.0,36.125
3332.9,4.05691632374858,0.0021863920599418,36.1217
3334.9,4.05691632374858,0.0005164645293790791,36.1217
3336.9,4.05691632374858,0.0021863920599418,36.117570634111594
3338.9,4.05710540448701,0.0,36.11512
3340.9,4.05710540448701,0.001669717353160991,36.11183
3342.9,4.05729448522544,0.0,36.11183
3344.9,4.05729448522544,0.0021863920599418,36.11183
3346.9,4.057528364973345,0.0021863920599418,36.10855
3348.9,4.057717638635984,0.0,36.10525
3350.9,4.0576726467023,0.0016697553359252834,36.10525
3352.9,4.057717461111288,0.0021863920599418,36.10196
3354.9,4.117816358087267,-1.349967001932326,36.09868
3356.9,4.125437276589338,-1.3446311168642,36.09868
3358.9,4.129465649083565,-1.3446311168642,36.09538
3360.9,4.132112705633018,-1.3446311168642,36.09538
3362.9,4.13443942650478,-1.3446311168642,36.09868
3364.9,4.1364039482458175,-1.3446311168642,36.09868
3366.9,4.137580074495882,-1.3446311168642,36.09868
3368.9,4.13935552570395,-1.3446311168642,36.10525
3370.9,4.140810410258154,-1.3446311168642,36.10525
3372.9,4.141682367776875,-1.3446311168642,36.10525
3374.9,4.14313714047255,-1.3446311168642,36.10525
3376.9,4.14427162490313,-1.3446311168642,36.10525
3378.9,4.145275031858546,-1.3446311168642,36.10855
3380.9,4.14616243228742,-1.3446311168642,36.10855
3382.9,4.147239023131018,-1.3446311168642,36.11149319707544
3384.9,4.147995475056978,-1.3446311168642,36.11512
3386.9,4.148940742706452,-1.3446311168642,36.11841
3388.9,4.149697091393962,-1.3446311168642,36.11841
3390.9,4.150379988446673,-1.3446311168642,36.1217
3392.9,4.15126761222503,-1.3446311168642,36.1217
3394.9,4.151966257573876,-1.3446311168642,36.125
3396.9,4.152344416499414,-1.3446311168642,36.13157
3398.9,4.152838253239495,-1.3446311168642,36.13486
3400.9,4.15391474256304,-1.3446311168642,36.13486
3402.9,4.1543507898140355,-1.3446311168642,36.136379546486815
3404.9,4.154991457529535,-1.3446311168642,36.13815
3406.9,4.155689760320078,-1.3446311168642,36.13815
3408.9,4.156052518171124,-1.3446311168642,36.14143
3410.9,4.15675095363949,-1.3446311168642,36.14143
3412.9,4.1573915082095745,-1.3446311168642,36.14473
3414.9,4.15750727659321,-1.3446311168642,36.14802
3416.9,4.158132198481577,-1.3446311168642,36.14802
3418.9,4.158699763191442,-1.3446311168642,36.1513
3420.9,4.159093462371393,-1.3446311168642,36.15788
3422.9,4.15958716471594,-1.3446311168642,36.15788
3424.9,4.160023082566314,-1.3446311168642,36.16446
3426.9,4.16053256840808,-1.3446311168642,36.16446
3428.9,4.16091072988494,-1.3446311168642,36.16775
3430.9,4.161362436786055,-1.3446311168642,36.17433
3432.9,4.16185613357709,-1.3446311168642,36.17433
3434.9,4.162365609722403,-1.3446311168642,36.17433
3436.9,4.162859415487607,-1.3446311168642,36.17762
3438.9,4.1631796987461,-1.3446311168642,36.18091
3440.9,4.163615623383508,-1.3446311168642,36.18091
3442.9,4.16374694096139,-1.3446311168642,36.1842
3444.9,4.16431418317668,-1.3446311168642,36.1875
3446.9,4.164634665463421,-1.3446311168642,36.19078
3448.9,4.164939315686736,-1.3446311168642,36.19407
3450.9,4.165579968078496,-1.3446311168642,36.19736
3452.9,4.16544866760726,-1.3446311168642,36.20065
3454.9,4.16601590982255,-1.3446311168642,36.20393
3456.9,4.16646779586022,-1.3446311168642,36.20723
3458.9,4.16677223277627,-1.3446311168642,36.21052
3460.9,4.1669613135147,-1.3446311168642,36.21676392763738
3462.9,4.1672083097910395,-1.3446311168642,36.2171
3464.9,4.1680381187546915,-1.3446311168642,36.2171
3466.9,4.16809579794527,-1.3446311168642,36.22038
3468.9,4.16860515474133,-1.3446311168642,36.22368
3470.9,4.168983414092193,-1.3446311168642,36.22696
3472.9,4.16923028237585,-1.3446311168642,36.23025
3474.9,4.169550764662447,-1.3446311168642,36.23355
3476.9,4.1698552036470415,-1.3446311168642,36.23683
3478.9,4.170175686068,-1.3446311168642,36.24012
3480.9,4.17055384754486,-1.3446311168642,36.24341
3482.9,4.17074292828329,-1.3446311168642,36.24341
3484.9,4.1711787678492716,-1.3446311168642,36.2467
3486.9,4.171556929809653,-1.3446311168642,36.25
3488.9,4.17187741271387,-1.3446311168642,36.25328
3490.9,4.17225557419073,-1.3446311168642,36.25657
3492.9,4.052141615055258,1.09756881409078,36.25328
3494.9,4.045917678387453,1.09756881409078,36.25657
3496.9,4.041238619082377,1.09756881409078,36.256523468856884
3498.9,4.03838641138247,1.09756881409078,36.25328
3500.9,4.03589640772545,1.09756881409078,36.25328
3502.9,4.033486309208821,1.09756881409078,36.25328
3504.9,4.031579504799,1.09756881409078,36.25657
3506.9,4.029893717621571,1.09756881409078,36.25328
3508.9,4.02853838003012,1.09756881409078,36.25328
3510.9,4.02704156707668,1.09756881409078,36.25657
3512.9,4.02533984043082,1.09756881409078,36.25328
3514.9,4.0245995101503915,1.09756881409078,36.25328
3516.9,4.02343303760581,1.09756881409078,36.25328
3518.9,4.02231454861594,1.09756881409078,36.2467
3520.9,4.021196040657184,1.0995704658570722,36.2467
3522.9,4.020077573805162,1.09756881409078,36.24012
3524.9,4.019304664209296,1.09756881409078,36.24012
3526.9,4.018516987454094,1.09756881409078,36.23683
3528.9,4.017792478853338,1.09756881409078,36.23355
3530.9,4.017193390066204,1.09756881409078,36.23355
3532.9,4.016247967961219,1.09756881409078,36.23025
3534.9,4.015680728780761,1.09756881409078,36.23025
3536.9,4.01475131907875,1.09756881409078,36.22696
3538.9,4.01418407686346,1.09756881409078,36.22696
3540.9,4.0134434394823435,1.09756881409078,36.22368
3542.9,4.01286051169445,1.09756881409078,36.22368
3544.9,4.01210418874073,1.09756881409078,36.22038
3546.9,4.0115209509511365,1.09756881409078,36.2171
3548.9,4.01096970431016,1.09756881409078,36.2138
3550.9,4.01040246209487,1.09756881409078,36.21052
3552.9,4.009851184967876,1.09756881409078,36.21052
3554.9,4.009251989209614,1.09756881409078,36.21052
3556.9,4.008543641885508,1.09756881409078,36.21052
3558.9,4.008117628446054,1.09756881409078,36.2138
3560.9,4.00756625101842,1.09756881409078,36.2138
3562.9,4.00699900880313,1.09756881409078,36.21052
3564.9,4.00662084732627,1.09756881409078,36.21024177838176
3566.9,4.00624268584941,1.09756881409078,36.20723
3568.9,4.005470553463864,1.09756881409078,36.20723
3570.9,4.0049191206804,1.09756881409078,36.20393
3572.9,4.004524963629621,1.09957024497423,36.20393
3574.9,4.003800627606246,1.09756881409078,36.20065
3576.9,4.003390480649679,1.09756881409078,36.19736
3578.9,4.00302831329611,1.09756881409078,36.20065
3580.9,4.0024450772255,1.09756881409078,36.20065
3582.9,4.0017047481271,1.09756881409078,36.20065
3584.9,4.00132658665024,1.09756881409078,36.20065
3586.9,4.000775340008814,1.09756881409078,36.19736
3588.9,4.00057026369652,1.09756881409078,36.19407
3590.9,3.9998299347320403,1.09756881409078,36.19078
3592.9,3.999451778009389,1.09756881409078,36.19078
3594.9,3.99867945631222,1.09756881409078,36.1875
3596.9,3.99830129483536,1.09756881409078,36.1875
3598.9,3.9979231333585,1.09756881409078,36.1875
3600.9,3.99716681040479,1.09756881409078,36.1875
3602.9,3.99678864892793,1.09756881409078,36.1875
3604.9,3.99603232597421,1.09756881409078,36.1842
3606.9,3.995481042705171,1.09756881409078,36.1842
3608.9,3.99508692228206,1.09756881409078,36.1875
3610.9,3.99451968006677,1.09756881409078,36.1842
3612.9,3.99414151858991,1.09756881409078,36.1842
3614.9,3.9930390282077313,1.09756881409078,36.18091
3616.9,3.9928179534209,1.09756881409078,36.18091
3618.9,3.99206163046718,1.09756881409078,36.18091
3620.9,3.9914783926785584,1.09756881409078,36.18091
3622.9,3.99054898455974,1.09756881409078,36.18091
3624.9,3.9894464941771495,1.09756881409078,36.18091
3626.9,3.9893985044219478,1.09756881409078,36.18091
3628.9,3.98865817717545,1.09756881409078,36.18091
3630.9,3.98790185422173,1.0977537752589883,36.18091
3632.9,3.987161530010899,1.09756881409078,36.18091
3634.9,3.9865626492157045,1.09756881409078,36.18063786723698
3636.9,3.9856169282829086,1.09756881409078,36.18091
3638.9,3.9850496491565806,1.09756881409078,36.18091
3640.9,3.9842933233020648,1.09756881409078,36.18091
3642.9,3.9835370013962956,1.09756881409078,36.17762
3644.9,3.98279667428412,1.09756881409078,36.17762
3646.9,3.98202435693946,1.09756881409078,36.17762
3648.9,3.9809218624730422,1.09756881409078,36.17433
3650.9,3.98052770542297,1.09756881409078,36.17109568549891
3652.9,3.97958230173082,1.09756881409078,36.17433
3654.9,3.9789990682943555,1.09756881409078,36.17105
3656.9,3.9782427423050164,1.09756881409078,36.17105
3658.9,3.9774864210702057,1.09756881409078,36.16775
3660.9,4.025540847433309,-0.02814728350222335,36.17105
3662.9,4.031835489668361,0.000773630682109718,36.16775
3664.9,4.035239047501992,0.0,36.17105
3666.9,4.03731893450151,0.0,36.16775
3668.9,4.0392095697656005,0.0014135557922200412,36.16775
3670.9,4.04084446098206,0.0,36.16775
3672.9,4.041923876804617,0.0021863920599418,36.16118
3674.9,4.043046436057143,0.0,36.16118
3676.9,4.044003726152262,0.0,36.16118
3678.9,4.045126481414751,0.0,36.15788
3680.9,4.045705366819378,0.0,36.1546
3682.9,4.04639481004632,0.0,36.1546
3684.9,4.047529287214571,0.0021863920599418,36.1513
3686.9,4.047962541803546,0.0007745916815306321,36.1513
3688.9,4.048730492474382,0.0014132646412759315,36.14802
3690.9,4.04935309421139,0.0,36.14802
3692.9,4.049853329338717,0.0007748212022980153,36.14802
3694.9,4.050365502945057,0.0,36.14802
3696.9,4.050987854278344,0.0,36.14802
3698.9,4.051555203489921,0.0007731155579548461,36.14473
3700.9,4.051866350624414,0.0,36.14473
3702.9,4.052122298661529,0.0007748158640878335,36.1435605426102
3704.9,4.052823547890311,0.0007747437193245171,36.14143
3706.9,4.053067703676659,0.0014115914938218265,36.13815
3708.9,4.053390654989971,0.0021863920599418,36.13486
3710.9,4.05389103193371,0.0,36.13486
3712.9,4.0540131066075205,0.0021863920599418,36.134275276206665
3714.9,4.054336166164983,0.0,36.12828
3716.9,4.0547143613135495,0.0014115785107125408,36.125
3718.9,4.0549032829003195,0.0007729732352489741,36.11841
3720.9,4.05521459710272,0.0,36.11841
3722.9,4.055470683905628,0.0021863920599418,36.11841
3724.9,4.0556597298480055,0.0021863920599418,36.11512
3726.9,4.05616000079487,0.000774477180852944,36.11183
3728.9,4.056282232768437,0.0007729904691211642,36.10855
3730.9,4.05641600039784,0.000773801050948757,36.10855
3732.9,4.056861256061837,0.0,36.10855
3734.9,4.05691632374858,0.0,36.10525
3736.9,4.057172360311468,0.0007742284284374178,36.10196
3738.9,4.057172269661574,0.0,36.09868
3740.9,4.057550501146538,0.0,36.09538
3742.9,4.0576175790151945,0.001411577359675593,36.09538
3744.9,4.05786172744073,0.0,36.09538
3746.9,4.057873556831178,0.0,36.0921
3748.9,4.05805080817916,0.0,36.0921
3750.9,4.0585511460178925,0.0,36.0921
3752.9,4.05856298587654,0.0,36.0888
3754.9,4.058684994479345,0.0007740926806694227,36.08552
3756.9,4.05880713113288,0.0021863920599418,36.08223
3758.9,4.058684883770587,0.0014135795347776942,36.08223
3760.9,4.059118355647664,0.0,36.07893
3762.9,4.0590632205429324,0.0007748395145788857,36.073773881860895
3764.9,4.059496452215263,0.0,36.06907
3766.9,4.05937437334817,0.0,36.06907
3768.9,4.059630263299121,0.0,36.06578
3770.9,4.0595634540866,0.0,36.06578
3772.9,4.059807603636212,0.0,36.0625
3774.9,4.059807604559227,0.0,36.0592
3776.9,4.05975253482503,0.0014118175569082273,36.0592
3778.9,4.059819355326953,0.0,36.05591
3780.9,4.06031977704032,0.0,36.05571535960496
3782.9,4.05994161556346,0.0007747727090440138,36.05262
3784.9,4.060008620965792,0.0,36.04933
3786.9,4.0604418543229315,0.0,36.04605
3788.9,4.060386781318991,0.0021863920599418,36.04275
3790.9,4.06050885777875,0.0,36.03946
3792.9,4.060764942434413,0.0021863920599418,36.03288
3794.9,4.0605758601111654,0.0,36.03288
3796.9,4.060575861696092,0.0,36.0296
3798.9,4.06088701925561,0.0,36.0263
3800.9,4.06088701925561,0.0021863920599418,36.0263
3802.9,4.06088701925561,0.0021863920599418,36.0263
3804.9,4.06107609999404,0.0,36.02302
3806.9,4.06107609999404,0.0021863920599418,36.02302
3808.9,4.06126518073247,0.0021863920599418,36.02302
3810.9,4.061009093930664,0.0014115827052153893,36.01973
3812.9,4.061143105495631,0.0021863920599418,36.01643
3814.9,4.06126518073247,0.0021863920599418,36.01643
3816.9,4.0614542614709,0.0,36.01315
3818.9,4.06126518073247,0.0021863920599418,36.01315
3820.9,4.0614542614709,0.0021863920599418,36.00986
3822.9,4.061698424422466,0.0014116613438984022,36.00986
3824.9,4.0615212675342764,0.0014115827052153893,36.00986
3826.9,4.06164334220933,0.0,36.00657
3828.9,4.06164334220933,0.0014116021895853649,36.004693931587035
3830.9,4.06183242294776,0.0,36.00328
3832.9,4.061954498646232,0.0014115945392764642,36.0
3834.9,4.0617654194923105,0.0021863920599418,36.0
3836.9,4.061710347249126,0.0,35.9967
3838.9,4.06183242294776,0.0021863920599418,35.99341
3840.9,4.06202150368619,0.0021863920599418,35.99012
3842.9,4.06202150368619,0.0021863920599418,35.99012
3844.9,4.06202150368619,0.0014115892025627734,35.98683
3846.9,4.06202150368619,0.0021863920599418,35.98683
3848.9,4.061954499769287,0.001411607525475909,35.98683
3850.9,4.006549688443501,1.1981428488481,35.98683
3852.9,4.0000621561129055,1.1981428488481,35.98355
3854.9,3.996351605977905,1.1981428488481,35.98355
3856.9,3.9931248092112406,1.1981428488481,35.98355
3858.9,3.99017082308288,1.1981428488481,35.98355
3860.9,3.98828001569859,1.1981428488481,35.98355
3862.9,3.9860701901641575,1.1981428488481,35.98025
3864.9,3.9841791209264397,1.1981428488481,35.98025
3866.9,3.982359632918948,1.1981428488481,35.97696
3868.9,3.98052770542297,1.1981428488481,35.97368
3870.9,3.97901505951553,1.1981428488481,35.97368
3872.9,3.977679837067554,1.1981428488481,35.97696
3874.9,3.9760486502648726,1.1981428488481,35.97696
3876.9,3.9747250834070043,1.1981428488481,35.97696
3878.9,3.9734604175589694,1.1981428488481,35.97368
3880.9,3.9720779524714693,1.1981428488481,35.97368
3882.9,3.9713216333889014,1.1981428488481,35.97696
3884.9,3.9699391840709,1.1981428488481,35.97696
3886.9,3.96905266681417,1.1981428488481,35.97696
3888.9,3.96785929594818,1.1981428488481,35.97696
3890.9,3.96691389225603,1.1981428488481,35.97696
3892.9,3.96577940782545,1.1981428488481,35.97696
3894.9,3.9648340041333,1.1981428488481,35.97696
3896.9,3.9641365621595375,1.1981428488481,35.97696
3898.9,3.96313227748743,1.1981428488481,35.97696
3900.9,3.96218687379528,1.1981428488481,35.974701403104945
3902.9,3.96180871231842,1.1981428488481,35.97368
3904.9,3.9609346286000706,1.1981428488481,35.97368
3906.9,3.959976794045386,1.1981428488481,35.97368
3908.9,3.95916158198041,1.1981428488481,35.97368
3910.9,3.958333937857539,1.1981428488481,35.97368
3912.9,3.95764893607297,1.1981428488481,35.97696
3914.9,3.95670353238082,1.1981428488481,35.97696
3916.9,3.9560774092895157,1.1981428488481,35.97696
3918.9,3.9556992461234763,1.1981428488481,35.98025
3920.9,3.95481272499652,1.1981428488481,35.98355
3922.9,3.9543043626705425,1.1981428488481,35.98683
3924.9,3.9537371209483796,1.1981428488481,35.99012
3926.9,3.9530521180721805,1.1981428488481,35.99012
3928.9,3.95241355627294,1.1981428488481,35.99012
3930.9,3.951657235501669,1.1981428488481,35.99341
3932.9,3.95122019096636,1.1981428488481,35.9967
3934.9,3.9509009093785923,1.1981428488481,35.9967
3936.9,3.95008570653578,1.1981428488481,36.0
3938.9,3.94970754505892,1.1981428488481,36.0
3940.9,3.94914030284363,1.1981428488481,36.0
3942.9,3.948631941011398,1.1981428488481,36.00328
3944.9,3.9479469380303565,1.1981428488481,36.00657
3946.9,3.94762765693619,1.1981428488481,36.00657
3948.9,3.94724949545933,1.1981428488481,36.00657
3950.9,3.946623372367695,1.1981428488481,36.00986
3952.9,3.94592593029032,1.1981428488481,36.01315
3954.9,3.945417569444783,1.1981428488481,36.01315
3956.9,3.9451820498862307,1.1981428488481,36.01643
3958.9,3.944472165857107,1.1981428488481,36.01973
3960.9,3.94403512290603,1.1981428488481,36.01973
3962.9,3.94365696142917,1.1981428488481,36.01973
3964.9,3.9430183970590607,1.1981428488481,36.01973
3966.9,3.94271155773702,1.1981428488481,36.01643
3968.9,3.942203193722257,1.1981428488481,36.01870240690219
3970.9,3.941635954183115,1.1981428488481,36.01973
3972.9,3.9413291126784578,1.1981428488481,36.01973
3974.9,3.9406905473215557,1.1981428488481,36.01973
3976.9,3.940513909834344,1.1981428488481,36.02302
3978.9,3.9400055328316035,1.1981428488481,36.0263
3980.9,3.9395560687364126,1.1981428488481,36.026678718915235
3982.9,3.9389888233516155,1.1981428488481,36.0296
3984.9,3.9386106612771212,1.1981428488481,36.0296
3986.9,3.938232501489523,1.1981428488481,36.0296
3988.9,3.9375474974161757,1.1981428488481,36.0296
3990.9,3.93722821632256,1.1981428488481,36.03288
3992.9,3.9368500548457,1.1981428488481,36.03288
3994.9,3.93666097410727,1.1981428488481,36.03618
3996.9,3.93590465115355,1.1981428488481,36.03618
3998.9,3.93539628872389,1.1981428488481,36.03946
4000.9,3.93546760929304,1.1981428488481,36.03946
4002.9,3.93477016672297,1.1981428488481,36.03946
4004.9,3.934333126057928,1.1981428488481,36.03946
4006.9,3.9343331237714185,1.1981428488481,36.04275
4008.9,3.93363568229239,1.1981428488481,36.04605
4010.9,3.9330684400771,1.1981428488481,36.04605
4012.9,3.9328080383801858,1.1981428488481,36.04933
4014.9,3.932442316491111,1.1981428488481,36.05262
4016.9,3.9321819184574323,1.1981428488481,36.05262
4018.9,3.93155579416966,1.1981428488481,36.05591
4020.9,3.931236515050725,1.1981428488481,36.0592
4022.9,3.93061039047752,1.1981428488481,36.0592
4024.9,3.930362430446404,1.1981428488481,36.0592
4026.9,3.9299129488944087,1.1981428488481,36.0625
4028.9,3.9297363035867874,1.1981428488481,36.06907
4030.9,4.056610065395267,-1.478339771686938,36.06907
4032.9,4.065744497611599,-1.47800103252065,36.06907
4034.9,4.072202557816992,-1.4801874245806,36.07236
4036.9,4.07771520497586,-1.47800103252065,36.07875701841286
4038.9,4.0824422234366,-1.4783400635635833,36.08517885885331
4040.9,4.0869505123466165,-1.4798445872915011,36.0921
4042.9,4.090921613440298,-1.47800103252065,36.09868
4044.9,4.095270471028268,-1.47800103252065,36.10474117913488
4046.9,4.09908132841842,-1.47800103252065,36.11132267072795
4048.9,4.10267386244858,-1.47800103252065,36.11841
4050.9,4.10607731574032,-1.47800103252065,36.12448219771475
4052.9,4.109262442993056,-1.47800103252065,36.13157
4054.9,4.11212789937007,-1.4783391884080042,36.13815
4056.9,4.115283781812456,-1.47800103252065,36.14143
4058.9,4.11761124078453,-1.47800103252065,36.14802
4060.9,4.120039616233523,-1.4798442942977872,36.1546
4062.9,4.12196009776842,-1.4801874245806,36.15788
4064.9,4.123880147284442,-1.47800103252065,36.16118
4066.9,4.12574171253701,-1.4783392263704374,36.16446
4068.9,4.127414106830367,-1.4798482466020972,36.16775
4070.9,4.129115456461865,-1.4801874245806,36.17105
4072.9,4.130628568020014,-1.47800103252065,36.17105
4074.9,4.13211196606095,-1.47800103252065,36.17433
4076.9,4.133086616034985,-1.47800103252065,36.17433
4078.9,4.13443942650478,-1.47800103252065,36.18091
4080.9,4.135703651366301,-1.4798443405144825,36.1842
4082.9,4.13689747610437,-1.4801874245806,36.19078
4084.9,4.138191795972035,-1.4798492531985703,36.19407
4086.9,4.139137201739421,-1.47800103252065,36.19736
4088.9,4.14011184865767,-1.4801874245806,36.20065
4090.9,4.14105725234982,-1.47800103252065,36.20393
4092.9,4.14200265604197,-1.479849292683149,36.20723
4094.9,4.14294805973412,-1.4783392067381023,36.21052
4096.900000000001,4.144242377413206,-1.4783392292099342,36.2171
4098.900000000001,4.14486818895681,-1.47800103252065,36.22038
4100.900000000001,4.145465459742995,-1.47800103252065,36.22368
4102.900000000001,4.146569837725972,-1.478339188412009,36.22368
4104.900000000001,4.14748599745643,-1.47800103252065,36.22696
4106.900000000001,4.148402156092358,-1.4801874245806,36.22696
4108.900000000001,4.149158413457472,-1.47800103252065,36.2270437089401
4110.900000000001,4.150073707748516,-1.47800103252065,36.23025
4112.900000000001,4.150380698155582,-1.4801874245806,36.23683
4114.900000000001,4.15126761222503,-1.4783392039011087,36.24341
4116.900000000001,4.151805612553328,-1.478339164421712,36.2467
4118.900000000001,4.15259117739403,-1.47800103252065,36.249488010032515
4120.900000000001,4.15334750034775,-1.47800103252065,36.25276487614004
4122.900000000001,4.153943984205205,-1.47800103252065,36.25328
4124.900000000001,4.15435138660515,-1.47800103252065,36.25328
4126.900000000001,4.15542738847048,-1.4801874245806,36.25888620153737
4128.900000000001,4.15577621972951,-1.47800103252065,36.2612456030813
4130.900000000001,4.15656187290106,-1.47800103252065,36.26315
4132.900000000001,4.157158360663224,-1.47800103252065,36.266894930251944
4134.900000000001,4.157856192768524,-1.47800103252065,36.27302
4136.900000000001,4.158423436323246,-1.47800103252065,36.2796
4138.900000000001,4.158860168308418,-1.47800103252065,36.28288
4140.900000000001,4.15939808397751,-1.4798438966654572,36.28618
4142.900000000001,4.160125164798609,-1.47800103252065,36.29275
4144.900000000001,4.16053256840808,-1.47800103252065,36.29605
4146.900000000001,4.16109981062337,-1.47800103252065,36.29933
4148.900000000001,4.16166705283866,-1.47800103252065,36.30262
4150.900000000001,4.16223429505395,-1.47800103252065,36.30591
4152.900000000001,4.162452620604299,-1.47800103252065,36.30262
4154.900000000001,4.163208941368641,-1.47800103252065,36.30591
4156.900000000001,4.16355786022296,-1.47800103252065,36.3092
4158.900000000001,4.164284856766338,-1.47800103252065,36.3125
4160.900000000001,4.16488142539197,-1.47800103252065,36.31907
4162.900000000001,4.165419427059605,-1.47800103252065,36.31907
4164.900000000001,4.16582682908412,-1.47800103252065,36.31907
4166.900000000001,4.166074398237874,-1.47800103252065,36.32236
4168.900000000001,4.166742906722554,-1.47800103252065,36.32893
4170.900000000001,4.017487384924308,1.65947157349582,36.33223
4172.900000000001,4.009167832340933,1.65728518143588,36.3388
4174.900000000001,4.00359181738418,1.65947157349582,36.3421
4176.900000000001,3.99943577926594,1.65728518143588,36.34538
4178.900000000001,3.99603232597421,1.65728518143588,36.34868
4180.900000000001,3.992910624695183,1.65728518143588,36.34868
4182.900000000001,3.990078147799755,1.65728518143588,36.35196
4184.900000000001,3.987994525527119,1.65728518143588,36.35196
4186.900000000001,3.98544380462214,1.65728518143588,36.35196
4188.900000000001,3.9834565893901384,1.65728518143588,36.34868
4190.900000000001,3.9815657795814605,1.65728518143588,36.34868
4192.900000000001,3.97948589304378,1.65728518143588,36.35196
4194.900000000001,3.97788057508495,1.65728518143588,36.35196
4196.900000000001,3.9760824381359234,1.65728518143588,36.35196
4198.900000000001,3.97466620253165,1.65728518143588,36.35525
4200.900000000001,3.9726827230334956,1.65728518143588,36.35525
4202.900000000001,3.9711663445927585,1.65728518143588,36.35196
4204.900000000001,3.96956102259404,1.65728518143588,36.34868
4206.900000000001,3.968333865335336,1.65728518143588,36.34538
4208.900000000001,3.9669101527011197,1.65728518143588,36.34868
4210.900000000001,3.96540124634859,1.65728518143588,36.35196
4212.900000000001,3.96407768117958,1.65728518143588,36.35196
4214.900000000001,3.962943196749,1.6583999906772835,36.35279621194451
4216.900000000001,3.96161963157999,1.65728518143588,36.35525
4218.900000000001,3.9600143151120295,1.65728518143588,36.35855
4220.900000000001,3.9590651724854835,1.65728518143588,36.35855
4222.900000000001,3.95764893607297,1.65728518143588,36.36183
4224.900000000001,3.9562289606635996,1.65728518143588,36.36841
4226.900000000001,3.95500180573495,1.658356773964078,36.36841
4228.900000000001,3.9537746499356645,1.65728518143588,36.36841
4230.900000000001,3.9524510872530314,1.65728518143588,36.36512
4232.900000000001,3.95122019096636,1.65728518143588,36.36841
4234.900000000001,3.949803952906511,1.65728518143588,36.36841
4236.900000000001,3.94857306062834,1.65728518143588,36.36512
4238.900000000001,3.94724949545933,1.65728518143588,36.36841
4240.900000000001,3.94592593029032,1.65728518143588,36.36841
4242.900000000001,3.94479144585975,1.65728518143588,36.36841
4244.900000000001,3.9433752101609993,1.65728518143588,36.3717
4246.900000000001,3.942047905250461,1.65728518143588,36.3717
4248.900000000001,3.94044258887586,1.6583567930099614,36.375
4250.900000000001,3.9388335335053717,1.65947157349582,36.375
4252.900000000001,3.93732088837444,1.6583567736038116,36.375
4254.900000000001,3.9361865795142075,1.65728518143588,36.37828
4256.900000000001,3.93439200524611,1.65728518143588,36.38157
4258.900000000001,3.932975751618634,1.65728518143588,36.38157
4260.900000000001,3.9310812232298074,1.65728518143588,36.38486
4262.900000000001,3.9298540675238,1.65728518143588,36.38486
4264.900000000001,3.92805966559403,1.65947157349582,36.38815
4266.900000000001,3.926543284699331,1.65728518143588,36.39143
4268.900000000001,3.925030641153294,1.65728518143588,36.39473
4270.900000000001,3.92361440315561,1.65728518143588,36.39802
4272.900000000001,3.922387248289162,1.65728518143588,36.4046
4274.900000000001,3.92077819207917,1.6583567563703905,36.40761043891588
4276.900000000001,3.91926554617173,1.65728518143588,36.40788
4278.900000000001,3.9182274679722373,1.65728518143588,36.41118
4280.900000000001,3.91680749657214,1.65728518143588,36.40788
4282.900000000001,3.91567301214157,1.65728518143588,36.40949740662031
4284.900000000001,3.914253038349085,1.65947157349582,36.40788
4286.900000000001,3.9129294707560676,1.65728518143588,36.41118
4288.900000000001,3.9120804781114,1.65728518143588,36.41446
4290.900000000001,3.910753177987731,1.65728518143588,36.41775
4292.900000000001,3.91000058998867,1.65728518143588,36.42433
4294.900000000001,3.9085806169730666,1.65728518143588,36.42433
4296.900000000001,3.9076352116645836,1.65728518143588,36.42433
4298.900000000001,3.90678621743537,1.65728518143588,36.42020868243378
4300.900000000001,3.90565173300479,1.65728518143588,36.42105
4302.900000000001,3.90489541005107,1.65728518143588,36.42105
4304.900000000001,3.903664513020076,1.65728518143588,36.42105
4306.900000000001,3.90300460266677,1.6583999813196286,36.42433
4308.900000000001,3.90224827971305,1.65947157349582,36.42433
4310.900000000001,3.90111379528248,1.65728518143588,36.42433
4312.900000000001,3.9004503451569335,1.6583976596969423,36.42105
4314.900000000001,3.8996938206825225,1.65947157349582,36.42105
4316.900000000001,3.898748418512272,1.65947157349582,36.42105
4318.900000000001,3.89789942272917,1.65728518143588,36.42433
4320.900000000001,3.897050426946122,1.65728518143588,36.42762
4322.900000000001,3.89638677682173,1.65728518143588,36.42762
4324.900000000001,3.8957268609062687,1.65728518143588,36.42762
4326.900000000001,3.89487413091429,1.65728518143588,36.43091
4328.900000000001,3.89411780796057,1.6583999712495403,36.43091
4330.900000000001,3.8935468276218117,1.65728518143588,36.43091
4332.900000000001,3.8926980251970273,1.65728518143588,36.43091
4334.900000000001,3.89203791983785,1.65728518143588,36.43091
4336.900000000001,3.8911851889750904,1.65728518143588,36.43091
4338.900000000001,3.8906180162291757,1.65728518143588,36.43091
4340.900000000001,4.036969163683642,-1.5851342434578,36.4342
4342.900000000001,4.049334294595956,-1.5851342434578,36.4342
4344.900000000001,4.05710540448701,-1.5851342434578,36.44078
4346.900000000001,4.0632128794745395,-1.5851342434578,36.45065
4348.900000000001,4.068318060519783,-1.5851342434578,36.45723
4350.900000000001,4.073309665248762,-1.5851342434578,36.45723
4352.900000000001,4.07771520497586,-1.5851342434578,36.4638
4354.900000000001,4.081742539867301,-1.5851342434578,36.47368
4356.900000000001,4.085713488609632,-1.5851342434578,36.48025
4358.900000000001,4.089797720822219,-1.5851342434578,36.48355
4360.900000000001,4.093843777153808,-1.5851342434578,36.49012
4362.900000000001,4.097360940865846,-1.5851342434578,36.5
4364.900000000001,4.10116121654114,-1.5851342434578,36.50464362053429
4366.900000000001,4.104489130728962,-1.5851342434578,36.51315
4368.900000000001,4.10791126830341,-1.5851342434578,36.51973
4370.900000000001,4.110861229990028,-1.5851342434578,36.5263
4372.900000000001,4.11364054527751,-1.5851342434578,36.5296
4374.900000000001,4.116155489712457,-1.5851342434578,36.53518702230025
4376.900000000001,4.11855664447668,-1.5851342434578,36.54045002942858
4378.900000000001,4.12063653259941,-1.5851342434578,36.54703689371995
4380.900000000001,4.12271642072213,-1.5851342434578,36.55262
4382.900000000001,4.12415366473484,-1.5851342434578,36.54933
4384.900000000001,4.125987432183828,-1.5851342434578,36.54933
4386.900000000001,4.127764815909234,-1.5851342434578,36.54605
4388.900000000001,4.12914516582875,-1.5851342434578,36.54933
4390.900000000001,4.130714707524818,-1.5851342434578,36.55262
4392.900000000001,4.1321137205157195,-1.5851342434578,36.5592
4394.900000000001,4.133229125177389,-1.5851342434578,36.5625
4396.900000000001,4.13455296972385,-1.5851342434578,36.56578
4398.900000000001,4.1358951810552425,-1.5851342434578,36.56907
4400.900000000001,4.137143452154475,-1.5851342434578,36.57236
4402.900000000001,4.13803196053494,-1.5851342434578,36.57236
4404.900000000001,4.13935552570395,-1.5851342434578,36.57236
4406.900000000001,4.140357707017165,-1.5851342434578,36.57565
4408.900000000001,4.14143541382668,-1.5851342434578,36.57565
4410.900000000001,4.1425130024689185,-1.5851342434578,36.57893
4412.900000000001,4.14332622121098,-1.5851342434578,36.58223
4414.900000000001,4.144195863283318,-1.5851342434578,36.5888
4416.900000000001,4.1454061093337,-1.5851342434578,36.5888
4418.900000000001,4.14616243228742,-1.5851342434578,36.5921
4420.900000000001,4.14691875524114,-1.5851342434578,36.59538
4422.900000000001,4.147788557822735,-1.5851342434578,36.59538
4424.900000000001,4.14880956262544,-1.5851342434578,36.59868
4426.900000000001,4.1496226654176525,-1.5851342434578,36.59538
4428.900000000001,4.15032220853288,-1.5851342434578,36.59538
4430.900000000001,4.151324504843761,-1.5851342434578,36.59538
4432.900000000001,4.151948339444067,-1.5851342434578,36.59538
4434.900000000001,4.15278025813246,-1.5851342434578,36.59538
4436.900000000001,4.153479798079686,-1.5851342434578,36.59538
4438.900000000001,4.1542929040399,-1.5851342434578,36.59538
4440.900000000001,4.155502685233675,-1.5851342434578,36.59538
4442.900000000001,4.1557299485211745,-1.5851342434578,36.5921
4444.900000000001,4.156618529439858,-1.5851342434578,36.59538
4446.900000000001,4.157242673206608,-1.5851342434578,36.59868
4448.900000000001,4.157960729448094,-1.5851342434578,36.60371198332779
4450.900000000001,4.15858486460507,-1.5851342434578,36.609914495337755
4452.900000000001,4.15939808397751,-1.5851342434578,36.6193970595638
4454.900000000001,4.160021972724145,-1.5851342434578,36.625
4456.900000000001,4.1606648701016775,-1.5851342434578,36.63255795392408
4458.900000000001,4.16147797210023,-1.5851342434578,36.63157
4460.900000000001,4.1621021078875335,-1.5851342434578,36.63157
4462.900000000001,4.162669204882224,-1.5851342434578,36.63157
4464.900000000001,4.16336877948453,-1.5851342434578,36.63486
4466.900000000001,4.163803727610825,-1.5851342434578,36.63815
4468.900000000001,4.164427969367307,-1.5851342434578,36.64143
4470.900000000001,4.165316480440623,-1.5851342434578,36.64473
4472.900000000001,4.16563774834569,-1.5851342434578,36.64489208788104
4474.900000000001,4.16639407129941,-1.5851342434578,36.64802
4476.900000000001,4.092622400380763,0.0,36.64802
4478.900000000001,4.088004758320477,0.0,36.64802
4480.900000000001,4.085357631815834,0.0,36.6513
4482.900000000001,4.083277744721365,0.0009157918654043727,36.6546
4484.900000000001,4.08187498122131,0.0,36.6546
4486.900000000001,4.080441525762851,0.0021863920599418,36.65788
4488.900000000001,4.07903877014486,0.0012686061992652604,36.65788
4490.900000000001,4.07798348066047,0.0012706393346554538,36.6546
4492.900000000001,4.07706865102339,0.001269288848524841,36.6513
4494.900000000001,4.07620255906842,0.0009177307018777884,36.6513
4496.900000000001,4.07555586153296,0.0012676285593232186,36.6513
4498.900000000001,4.074958323348974,0.0,36.6513
4500.900000000001,4.07412267094569,0.0,36.6513
4502.900000000001,4.0735554287304,0.0,36.64802
4504.900000000001,4.07298818651511,0.0,36.63486
4506.900000000001,4.07242094429982,0.0,36.63157
4508.900000000001,4.072073208336518,0.0,36.625
4510.900000000001,4.071176700650899,0.0009172163338593655,36.61841
4512.900000000001,4.070938638091729,0.0012686091320606291,36.61512
4514.900000000001,4.07053013691553,0.0,36.60855
4516.900000000001,4.070072537695378,0.0,36.60525
4518.900000000001,4.06955433342969,0.0,36.59868
4520.900000000001,4.0693649586863465,0.0,36.5921
4522.900000000001,4.06882841026966,0.0,36.5888
4524.900000000001,4.068670027826725,0.0,36.58552
4526.900000000001,4.068340363772601,0.0,36.579621095963375
4528.900000000001,4.06826116805437,0.0,36.57565
4530.900000000001,4.06769392583908,0.0012691786768408786,36.57236
4532.900000000001,4.067395088199547,0.0,36.56578
4534.900000000001,4.067047315463873,0.0,36.5592
4536.900000000001,4.06712668362379,0.0,36.55591
4538.900000000001,4.06674852214693,0.0,36.55262
4540.900000000001,4.066480251771679,0.0,36.550707897649986
4542.900000000001,4.06637036067007,0.0,36.54742952317073
4544.900000000001,4.066101894434445,0.0,36.54147366940852
4546.900000000001,4.06599219919321,0.0009187423108038481,36.53618
4548.900000000001,4.06599219919321,0.0,36.5325603549217
4550.900000000001,4.065583338093924,0.0,36.5263
4552.900000000001,4.065504147278965,0.0,36.51973
4554.900000000001,4.065156686087801,0.0,36.51643
4556.900000000001,4.065315067610526,0.0,36.50986
4558.900000000001,4.06504679550106,0.0,36.50328
4560.900000000001,4.06485771476263,0.0,36.50328
4562.900000000001,4.064400235625032,0.0,36.50328
4564.900000000001,4.064369833374918,0.0,36.5
4566.900000000001,4.064400105709548,0.0,36.4967
4568.900000000001,4.06410139180892,0.0,36.49341
4570.900000000001,4.064180584209141,0.0,36.49012
4572.900000000001,4.063960846657042,0.0,36.48355
4574.900000000001,4.06372323033206,0.0,36.47696
4576.900000000001,4.063991502441902,0.0,36.47368
4578.900000000001,4.063424405654557,0.0,36.47038
4580.900000000001,4.063454959035187,0.0,36.4638
4582.900000000001,4.06353414959363,0.0,36.46052
4584.900000000001,4.0633450688552,0.0009178279811697134,36.45723
4586.900000000001,4.0633450688552,0.0,36.45065
4588.900000000001,4.063235181844688,0.001270653421749359,36.44736
4590.900000000001,4.063076797300875,0.0012706870942699284,36.44078
4592.900000000001,4.06277782663991,0.0,36.4375
4594.900000000001,4.063076797964576,0.0,36.4342
4596.900000000001,4.062857019596373,0.0,36.43091
4598.900000000001,4.06277782663991,0.0,36.43091
4600.900000000001,4.062808524933537,0.0,36.42762
4602.900000000001,4.062637753167892,0.0,36.42762
4604.900000000001,4.062509375485551,0.0,36.42762
4606.900000000001,4.062479111570404,0.0009186604393069148,36.42433
4608.900000000001,4.06258874590148,0.0,36.42105
4610.900000000001,4.06239966516305,0.0,36.41186686851013
4612.900000000001,4.062320140387623,0.0,36.40551687821759
4614.900000000001,4.0621313926875775,0.0021863920599418,36.399393745943975
4616.900000000001,4.06221058442462,0.0021863920599418,36.39610790026125
4618.900000000001,4.06202150368619,0.0,36.39143
4620.900000000001,4.061911612585855,0.0,36.38815
4622.900000000001,4.06202150368619,0.0,36.38486
4624.900000000001,4.061753231467804,0.0021863920599418,36.37965792972049
4626.900000000001,4.06183242294776,0.0009186527618947782,36.37828
4628.900000000001,4.06164334220933,0.0009157356668844251,36.375
4630.900000000001,4.06164334220933,0.0009157173469676047,36.370741062527244
4632.900000000001,4.06164334220933,0.0021863920599418,36.36512
4634.900000000001,4.06164334220933,0.0,36.35855
4636.900000000001,4.061722534759503,0.0021863920599418,36.35525
4638.900000000001,4.061533454535558,0.0,36.34868
4640.900000000001,4.06126518073247,0.0021863920599418,36.3421
4642.900000000001,4.06126518073247,0.0021863920599418,36.3388
4644.900000000001,4.0614542614709,0.0,36.3388
4646.900000000001,4.06126518073247,0.0021863920599418,36.3388
4648.900000000001,4.06107609999404,0.0012706717381940817,36.3388
4650.900000000001,4.061375028820185,0.0012702033468547811,36.33552
4652.900000000001,4.061295868488655,0.0,36.33552
4654.900000000001,4.061344374867753,0.000915743348657663,36.33223
4656.900000000001,4.06107609999404,0.0021863920599418,36.32893
4658.900000000001,4.061375069584152,0.0,36.32565
4660.900000000001,4.06126518073247,0.0,36.32236
4662.900000000001,4.06107609999404,0.0,36.31907
4664.900000000001,4.06107609999404,0.0,36.3125
4666.900000000001,4.0609968464360024,0.0,36.3092
4668.900000000001,4.06069793851718,0.001270653411688117,36.30591
4670.900000000001,4.0609969078495896,0.0009157203281109033,36.30262
4672.900000000001,4.060588053092484,0.0012706350845291875,36.29933
4674.900000000001,4.06088701925561,0.0012706747073505398,36.29275
4676.900000000001,4.06088701925561,0.0009165474777338503,36.28946
4678.900000000001,4.06069793851718,0.0,36.28618
4680.900000000001,4.060996905343828,0.0,36.28288
4682.900000000001,4.060618646691962,0.0,36.2796
4684.900000000001,4.06050885777875,0.0009157173551365768,36.2763
4686.900000000001,4.1129193552489225,-1.10631438233055,36.26973
4688.900000000001,4.116210700712776,-1.10850077439049,36.26643
4690.900000000001,4.11817848299982,-1.10850077439049,36.26643
4692.900000000001,4.120370479833172,-1.10850077439049,36.26973
4694.900000000001,4.12196009776842,-1.10850077439049,36.26973
4696.900000000001,4.12366182441428,-1.10850077439049,36.26973
4698.900000000001,4.1249084159705935,-1.10850077439049,36.26643
4700.900000000001,4.126007764952539,-1.10631438233055,36.26643
4702.900000000001,4.12744343918288,-1.10850077439049,36.26973
4704.900000000001,4.12838884287503,-1.10850077439049,36.26973
4706.900000000001,4.1296705688283835,-1.10850077439049,36.26973
4708.900000000001,4.13065781173618,-1.10850077439049,36.26643
4710.900000000001,4.131526243400522,-1.10850077439049,36.26643
4712.900000000001,4.132660728475888,-1.10850077439049,36.26643
4714.900000000001,4.133038611525964,-1.10631438233055,36.26973
4716.900000000001,4.13387218428949,-1.10850077439049,36.26973
4718.900000000001,4.134929694167564,-1.10850077439049,36.27302
4720.900000000001,4.1356860212304944,-1.10850077439049,36.27302
4722.900000000001,4.13651931462751,-1.10850077439049,36.27302
4724.900000000001,4.137009323864805,-1.10850077439049,36.27302
4726.900000000001,4.137765905538543,-1.10850077439049,36.27302
4728.900000000001,4.1384101220118,-1.10850077439049,36.27302
4730.900000000001,4.13897736422709,-1.10631438233055,36.27302
4732.900000000001,4.139432499667588,-1.10850077439049,36.27302
4734.900000000001,4.140223955432478,-1.10850077439049,36.2763
4736.900000000001,4.14067909087296,-1.10850077439049,36.2763
4738.900000000001,4.141134227547363,-1.10850077439049,36.2796
4740.900000000001,4.14181357530354,-1.10850077439049,36.2763
4742.900000000001,4.14238081751883,-1.10850077439049,36.2763
4744.900000000001,4.14294805973412,-1.10850077439049,36.2763
4746.900000000001,4.143249246658233,-1.10850077439049,36.2796
4748.900000000001,4.143816490752846,-1.10850077439049,36.2796
4750.900000000001,4.144117680846413,-1.10850077439049,36.2796
4752.900000000001,4.14453767614131,-1.10850077439049,36.2796
4754.900000000001,4.14502794785685,-1.10850077439049,36.28288
4756.900000000001,4.14521702859527,-1.10850077439049,36.28618
4758.900000000001,4.1458963772907085,-1.10850077439049,36.28618
4760.900000000001,4.14635151302585,-1.10850077439049,36.28618
4762.900000000001,4.146463604902908,-1.10850077439049,36.28618
4764.900000000001,4.14691875524114,-1.10850077439049,36.28618
4766.900000000001,4.14748599745643,-1.10850077439049,36.28618
4768.900000000001,4.14748599745643,-1.10850077439049,36.28946
4770.900000000001,4.14816534193006,-1.10850077439049,36.29252608420402
4772.900000000001,4.14843140114858,-1.10850077439049,36.29275
4774.900000000001,4.1489213760813906,-1.10850077439049,36.29275
4776.900000000001,4.149075617622543,-1.10850077439049,36.29275
4778.900000000001,4.149299831521976,-1.10850077439049,36.29470659530421
4780.900000000001,4.149790100530234,-1.10850077439049,36.29605
4782.900000000001,4.14994404705602,-1.10850077439049,36.29799475855422
4784.900000000001,4.15032220853288,-1.10850077439049,36.30262
4786.900000000001,4.150623394166256,-1.10850077439049,36.30591
4788.900000000001,4.1510785314866,-1.10850077439049,36.30591
4790.900000000001,4.15126761222503,-1.10850077439049,36.30591
4792.900000000001,4.151568799737653,-1.10850077439049,36.30591
4794.900000000001,4.151946663868411,-1.10850077439049,36.30591
4796.900000000001,4.1519469627988945,-1.10850077439049,36.30591
4798.900000000001,4.152479071559269,-1.10850077439049,36.30591
4800.900000000001,4.1524020966556,-1.10631438233055,36.30591
4802.900000000001,4.15259117739403,-1.10631438233055,36.30591
4804.900000000001,4.153312929871662,-1.10631438233055,36.30591
4806.900000000001,4.15334750034775,-1.10631438233055,36.30591
4808.900000000001,4.15372566182461,-1.10631438233055,36.3092
4810.900000000001,4.154026849687497,-1.10850077439049,36.3125
4812.900000000001,4.1542929040399,-1.10850077439049,36.31578
4814.900000000001,4.15448198477833,-1.10850077439049,36.31578
4816.900000000001,4.15467106551676,-1.10631438233055,36.3125
4818.900000000001,4.1549722527347726,-1.10631438233055,36.31578
4820.900000000001,4.15523830773205,-1.10631438233055,36.31578
4822.900000000001,4.1554625237476115,-1.10631438233055,36.3125
4824.900000000001,4.042716226919826,1.1719061441288,36.3125
4826.900000000001,4.037043803661413,1.1719061441288,36.31578
4828.900000000001,4.03271398922958,1.1719061441288,36.31578
4830.900000000001,4.029669653118345,1.1719061441288,36.31578
4832.900000000001,4.0270034892466855,1.1719061441288,36.31578
4834.900000000001,4.02439443673867,1.1719061441288,36.3125
4836.900000000001,4.0226546256272835,1.1719061441288,36.3125
4838.900000000001,4.020631861831837,1.1719061441288,36.3092
4840.900000000001,4.01910017606264,1.17409253618874,36.30591
4842.900000000001,4.0175875301552,1.1719061441288,36.30262
4844.900000000001,4.01607488424776,1.1719061441288,36.30262
4846.900000000001,4.014732274942337,1.1719061441288,36.30262
4848.900000000001,4.01361683464817,1.1719061441288,36.30262
4850.900000000001,4.012633356295537,1.1721262779617232,36.29933
4852.900000000001,4.01115878504859,1.1719061441288,36.29933
4854.900000000001,4.00983521987958,1.1719061441288,36.29605
4856.900000000001,4.00907889692586,1.1719061441288,36.29275
4858.900000000001,4.007963454579711,1.1719061441288,36.29275
4860.900000000001,4.00718808954156,1.1719061441288,36.29275
4862.900000000001,4.00605360511098,1.1719061441288,36.29275
4864.900000000001,4.005316322337629,1.1719061441288,36.28946
4866.900000000001,4.00435187846512,1.17409253618874,36.28946
4868.900000000001,4.0035765127998975,1.1719061441288,36.28618
4870.900000000001,4.00283923255768,1.1719061441288,36.28946
4872.900000000001,4.00208290960396,1.1719061441288,36.28912965612299
4874.900000000001,4.00132658665024,1.1719061441288,36.28946
4876.900000000001,4.000362138502934,1.1719061441288,36.28618
4878.900000000001,3.999794897712311,1.1719061441288,36.28618
4880.900000000001,3.9988494924357445,1.1719061441288,36.28304619151614
4882.900000000001,3.99811221409693,1.1719061441288,36.28288
4884.900000000001,3.997715012599603,1.1719061441288,36.2796
4886.900000000001,3.99678864892793,1.1719061441288,36.2763
4888.900000000001,3.99603232597421,1.1719061441288,36.2796
4890.900000000001,3.9954841299583084,1.1719061441288,36.2796
4892.900000000001,3.9947087608052,1.1719061441288,36.2796
4894.900000000001,3.99414151858991,1.1719061441288,36.2796
4896.900000000001,3.9934042370814486,1.1719061441288,36.2796
4898.900000000001,3.99300703415933,1.1719061441288,36.2763
4900.900000000001,3.9922697558202516,1.1719061441288,36.27302
4902.900000000001,3.99149438825189,1.1719061441288,36.27302
4904.900000000001,3.9909461878011694,1.1719061441288,36.26973
4906.900000000001,3.990529941848655,1.1719061441288,36.26973
4908.900000000001,3.989773618575981,1.1719061441288,36.26643
4910.900000000001,3.9891873273106544,1.1721263786755283,36.26315
4912.900000000001,3.9886391322414334,1.1719061441288,36.26315
4914.900000000001,3.98809093496016,1.1738723510828906,36.26315
4916.900000000001,3.987504648449285,1.1719061441288,36.25986
4918.900000000001,3.986937405915104,1.1719061441288,36.25986
4920.900000000001,3.9863701654443178,1.1719061441288,36.25657
4922.900000000001,3.98563288536057,1.1719061441288,36.25328
4924.900000000001,3.98525472388371,1.1719061441288,36.25657
4926.900000000001,3.98449840092999,1.1719061441288,36.25657
4928.900000000001,3.984101195317587,1.1719061441288,36.25657
4930.900000000001,3.983533952464128,1.1719061441288,36.25328
4932.900000000001,3.98279667428412,1.1719061441288,36.25
4934.900000000001,3.98241851280727,1.1719061441288,36.25328
4936.900000000001,3.9821913463283467,1.1719061441288,36.25328
4938.900000000001,3.981454064979687,1.1719061441288,36.25
4940.900000000001,3.9806977388564437,1.1719061441288,36.2467
4942.900000000001,3.980130500756894,1.1719061441288,36.2467
4944.900000000001,3.97939322099239,1.1719061441288,36.2467
4946.900000000001,3.9790341008010324,1.1719061441288,36.2467
4948.900000000001,3.978806936853514,1.1719061441288,36.2467
4950.900000000001,3.978050612793551,1.1719061441288,36.25
4952.900000000001,3.9776724509978263,1.1719061441288,36.25328
4954.900000000001,3.9771052130582834,1.1719061441288,36.25657
4956.900000000001,3.9765379668864305,1.17409253618874,36.25328
4958.900000000001,3.9759516810037034,1.17409253618874,36.25328
4960.900000000001,3.97542252548536,1.1719061441288,36.25328
4962.900000000001,3.97485528327008,1.1719061441288,36.25328
4964.900000000001,3.9746281247049127,1.1719061441288,36.25328
4966.900000000001,3.9737207988395,1.17409253618874,36.256514607904435
4968.900000000001,3.9734936291928715,1.17409253618874,36.25328
4970.900000000001,3.97277539514735,1.1719061441288,36.25328
4972.900000000001,3.97201907219363,1.1719061441288,36.25328
4974.900000000001,3.9718299914552,1.1719061441288,36.25
4976.900000000001,3.97126274923991,1.1719061441288,36.25
4978.900000000001,3.97069550702462,1.1719061441288,36.25
4980.900000000001,3.9704683376967593,1.1719061441288,36.25
4982.900000000001,3.9697310629940668,1.17409253618874,36.25
4984.900000000001,3.96899378037875,1.1719061441288,36.25328
4986.900000000001,3.96861561890189,1.1719061441288,36.25328
4988.900000000001,3.967878337871215,1.1719061441288,36.25657
4990.900000000001,3.96767021520975,1.1719061441288,36.25328
4992.900000000001,3.966894850652234,1.1719061441288,36.25
4994.900000000001,3.9664976478900837,1.1719061441288,36.25328
4996.900000000001,3.96596848856388,1.1719061441288,36.25328
4998.900000000001,3.96521216561016,1.1719061441288,36.25328
5000.900000000001,3.9646258792599984,1.1719061441288,36.25328
5002.900000000001,3.9642477187296192,1.1719061441288,36.25328
5004.900000000001,3.96351043896429,1.1719061441288,36.25328
5006.900000000001,3.9627731585605375,1.1719061441288,36.25328
5008.900000000001,3.96256503527214,1.1719061441288,36.25328
5010.900000000001,3.9617896740434904,1.1719061441288,36.25328
5012.900000000001,3.96124147010313,1.1719061441288,36.25328
5014.900000000001,3.9606932540044104,1.1719061441288,36.25657
5016.900000000001,3.95991790493413,1.1719061441288,36.25657
5018.900000000001,3.959369705588305,1.1719061441288,36.25986
5020.900000000001,3.9589344158228914,1.1719061441288,36.25986
5022.900000000001,3.958046137728108,1.1719061441288,36.25657
5024.900000000001,3.95745985533454,1.1719061441288,36.25657
5026.900000000001,3.9568545277006018,1.1719061441288,36.251474832233306
5028.900000000001,3.956155331769315,1.1719061441288,36.25131054659102
5030.900000000001,3.95537996721181,1.1719061441288,36.25328
5032.900000000001,3.9549827625469005,1.1719061441288,36.25033034383788
5034.900000000001,3.9545855900738762,1.1719061441288,36.25328
5036.900000000001,3.95367824056594,1.1719061441288,36.25361129028235
5038.900000000001,3.953281038911078,1.1719061441288,36.256901298609
5040.900000000001,3.95235467539694,1.1719061441288,36.25986
5042.900000000001,3.951258276703662,1.1719061441288,36.25986
5044.900000000001,3.95103111022793,1.1719061441288,36.25986
5046.900000000001,3.95046386801264,1.1719061441288,36.25986
5048.900000000001,3.9498775857790287,1.1719061441288,36.25986
5050.900000000001,3.949102219956327,1.1719061441288,36.26315
5052.900000000001,3.948364938127354,1.17409253618874,36.25986
5054.900000000001,3.94781673767462,1.1719061441288,36.25986
5056.900000000001,3.9470413734371474,1.1719061441288,36.25986
5058.900000000001,3.94630409176718,1.1719061441288,36.25986
5060.900000000001,3.94573684955189,1.1719061441288,36.25657
5062.900000000001,3.94516960733661,1.1719061441288,36.25328
5064.900000000001,3.9443942614237644,1.1719061441288,36.25328
5066.900000000001,3.94365696142917,1.1719061441288,36.25
5068.900000000001,3.94290063847545,1.1719061441288,36.25
5070.900000000001,3.94252247699859,1.1719061441288,36.25
5072.900000000001,3.941407034011178,1.1719061441288,36.2467
5074.900000000001,3.94119891182958,1.1719061441288,36.2467
5076.900000000001,3.940272550207648,1.1719061441288,36.2467
5078.900000000001,3.93968626592214,1.1719061441288,36.2467
5080.900000000001,3.9389488532019534,1.17409253618874,36.25
5082.900000000001,3.938532751541521,1.1719061441288,36.25
5084.900000000001,4.065187248836492,-1.74036807971367,36.25
5086.900000000001,4.0836609898919285,-1.74255447177361,36.25
5088.900000000001,4.093493190410011,-1.74255447177361,36.25328
5090.900000000001,4.100489169635791,-1.74255447177361,36.25657
5092.900000000001,4.106322583680978,-1.74255447177361,36.25986
5094.900000000001,4.111238680181225,-1.74036807971367,36.26315
5096.900000000001,4.115181287013629,-1.74036807971367,36.26973
5098.900000000001,4.1187738201653,-1.74255447177361,36.2763
5100.900000000001,4.122093000342877,-1.74255447177361,36.28288
5102.900000000001,4.124824405379809,-1.74255447177361,36.28618
5104.900000000001,4.12728245315887,-1.74255447177361,36.29275
5106.900000000001,4.12971240804404,-1.74255447177361,36.29933
5108.900000000001,4.132037568090719,-1.74036807971367,36.30262
5110.900000000001,4.133928368321268,-1.74255447177361,36.30262
5112.900000000001,4.135980167597666,-1.7406929519925338,36.30262
5114.900000000001,4.137709991185008,-1.74255447177361,36.30639887078379
5116.900000000001,4.13973368718081,-1.74036807971367,36.31298732987505
5118.900000000001,4.14162449456511,-1.74036807971367,36.31907
5120.900000000001,4.14294805973412,-1.74255447177361,36.31907
5122.900000000001,4.14464978637999,-1.74255447177361,36.31907
5124.900000000001,4.14616243228742,-1.74036807971367,36.32236
5126.900000000001,4.147731267152982,-1.74255447177361,36.32565
5128.900000000001,4.14899864336387,-1.74255447177361,36.32893
5130.900000000001,4.150350301897654,-1.74255447177361,36.33223
5132.900000000001,4.15145669296346,-1.74036807971367,36.33560023450041
5134.900000000001,4.15278025813246,-1.74036807971367,36.3421
5136.900000000001,4.15410382330147,-1.74036807971367,36.34538
5138.900000000001,4.15526640109693,-1.74255447177361,36.34538
5140.900000000001,4.15637279216263,-1.74036807971367,36.35196
5142.900000000001,4.157290098206802,-1.7422295710198386,36.36183
5144.900000000001,4.158669852803801,-1.7406929126145467,36.36841
5146.900000000001,4.15958716471594,-1.74255447177361,36.375
5148.900000000001,4.16072164914651,-1.74255447177361,36.38157
5150.900000000001,4.16185613357709,-1.74255447177361,36.38486
5152.900000000001,4.162640548781818,-1.74255447177361,36.38815
5154.900000000001,4.163775036788842,-1.74255447177361,36.39473
5156.900000000001,4.164342274078457,-1.74255447177361,36.4013
5158.900000000001,4.165420573364417,-1.74255447177361,36.4013
5160.900000000001,4.16658315203784,-1.74255447177361,36.4046
5162.900000000001,4.1671784853901865,-1.74255447177361,36.41118
5164.900000000001,4.168067705051724,-1.74255447177361,36.41446
5166.900000000001,4.16904120163742,-1.74255447177361,36.41775
5168.900000000001,4.169769431226607,-1.74255447177361,36.42433
5170.900000000001,4.170525753301798,-1.742229610391795,36.42433
5172.900000000001,4.17112108976015,-1.74036807971367,36.42762
5174.900000000001,4.172094586581175,-1.74255447177361,36.43091
5176.900000000001,4.1729838008459605,-1.74255447177361,36.43091
5178.900000000001,4.17376822009817,-1.74255447177361,36.4375
5180.900000000001,4.174363558376483,-1.74255447177361,36.44736
5182.900000000001,4.17509178526717,-1.74255447177361,36.45393
5184.900000000001,4.17582001286413,-1.74036807971367,36.45723
5186.900000000001,4.176765418548507,-1.74255447177361,36.4638
5188.900000000001,4.1771997689814695,-1.74255447177361,36.47038
5190.900000000001,4.177956087887997,-1.74255447177361,36.47696
5192.900000000001,4.178523331515709,-1.74255447177361,36.48025
5194.900000000001,4.17962972298949,-1.74036807971367,36.48496540018601
5196.900000000001,4.18003597783057,-1.74255447177361,36.48683
5198.900000000001,4.18076420742007,-1.74255447177361,36.48355
5200.900000000001,4.18152053037379,-1.74255447177361,36.48683
5202.900000000001,4.182115864839308,-1.7422296334353637,36.48683
5204.900000000001,4.18303317628122,-1.740692894281765,36.49012
5206.900000000001,4.183761406106274,-1.74255447177361,36.49341
5208.900000000001,4.1841676607118,-1.7422296076793693,36.5
5210.900000000001,4.18492398366552,-1.74255447177361,36.5036871148651
5212.900000000001,4.185330238270843,-1.74255447177361,36.50657
5214.900000000001,4.185925575372024,-1.74255447177361,36.50986
5216.900000000001,4.18700387178825,-1.74036807971367,36.51315
5218.900000000001,4.187438222691031,-1.74036807971367,36.51315
5220.900000000001,4.187788279774402,-1.74255447177361,36.51643
5222.900000000001,4.18851651769569,-1.74036807971367,36.52302
5224.900000000001,4.026916277391389,1.7387664927289173,36.53288
5226.900000000001,4.014474303774908,1.73818168765373,36.53288
5228.900000000001,4.007427742205886,1.73818168765373,36.53618
5230.900000000001,4.002373141197068,1.73818168765373,36.53946
5232.900000000001,3.9981627983670474,1.73818168765373,36.54275
5234.900000000001,3.9947596727528474,1.73818168765373,36.54605
5236.900000000001,3.9915449604906748,1.73818168765373,36.54933
5238.900000000001,3.98903633865231,1.73818168765373,36.55262
5240.900000000001,3.9864397757992553,1.73818168765373,36.54933
5242.900000000001,3.9839817271580897,1.73818168765373,36.55262
5244.900000000001,3.98204035133041,1.7387708321085342,36.55262
5246.900000000001,3.980011033125038,1.74036807971367,36.55262
5248.900000000001,3.978208166644144,1.74036807971367,36.55262
5250.900000000001,3.976418500255797,1.73818168765373,36.55262
5252.900000000001,3.97447712179322,1.73818168765373,36.55262
5254.900000000001,3.9726881429249796,1.73818168765373,36.55262
5256.900000000001,3.97107366850148,1.73818168765373,36.54933
5258.900000000001,3.96975010333247,1.739783325984693,36.55262
5260.900000000001,3.96823745742503,1.73818168765373,36.55262
5262.900000000001,3.9667248115176,1.73818168765373,36.55591
5264.900000000001,3.9652630671613975,1.73818168765373,36.55845968521667
5266.900000000001,3.9636115796472495,1.73818168765373,36.5592
5268.900000000001,3.96237595453371,1.73818168765373,36.55591
5270.900000000001,3.9611535283523027,1.73818168765373,36.55591
5272.900000000001,3.95953974345727,1.73818168765373,36.55591
5274.900000000001,3.958267100631661,1.73818168765373,36.55591
5276.900000000001,3.956993749159235,1.74036807971367,36.55591
5278.900000000001,3.9559977813537666,1.739783302756285,36.55718552070659
5280.900000000001,3.9544851368282377,1.73818168765373,36.55591
5282.900000000001,3.95311099835066,1.7387664767509081,36.55262
5284.900000000001,3.95202744550295,1.73818168765373,36.55301454332906
5286.900000000001,3.95103111022793,1.73818168765373,36.55591
5288.900000000001,3.9498460531336392,1.73818168765373,36.55591
5290.900000000001,3.948434546638521,1.73818168765373,36.5592
5292.900000000001,3.94724949545933,1.74036807971367,36.5592
5294.900000000001,3.9461659002962146,1.7397796332582343,36.5592
5296.900000000001,3.945031097677171,1.74036807971367,36.5592
5298.900000000001,3.9437954729866624,1.739783334505899,36.5625
5300.900000000001,3.9425730489251167,1.74036807971367,36.5625
5302.900000000001,3.94176615404487,1.73818168765373,36.56578
5304.900000000001,3.940682577367924,1.74036807971367,36.56578
5306.900000000001,3.9394466164262356,1.7387664279648847,36.56907
5308.900000000001,3.9382241915174743,1.73818168765373,36.56907
5310.900000000001,3.93722821632256,1.74036807971367,36.56907
5312.900000000001,3.936043068705208,1.74036807971367,36.56907
5314.900000000001,3.93477016672297,1.74036807971367,36.56907
5316.900000000001,3.933912705406467,1.74036807971367,36.57236
5318.900000000001,3.932551768203826,1.739783321080029,36.56907
5320.900000000001,3.93155579416966,1.74036807971367,36.5625
5322.900000000001,3.9306611158767635,1.74036807971367,36.5625
5324.900000000001,3.9291486980908634,1.73818168765373,36.56578
5326.900000000001,3.9279126909578883,1.74036807971367,36.56907
5328.900000000001,3.9266023360382807,1.7387664878387286,36.56907
5330.900000000001,3.9253667044738667,1.7397832710067742,36.57236
5332.900000000001,3.92399256463247,1.73818168765373,36.57893
5334.900000000001,3.92304716094033,1.7397786436724136,36.58223
5336.900000000001,3.92153451503289,1.73818168765373,36.58552
5338.900000000001,3.920538541846219,1.73818168765373,36.58552
5340.900000000001,3.9191270343017153,1.7397833381196715,36.5888
5342.900000000001,3.91756381952586,1.74036807971367,36.5888
5344.900000000001,3.9162912114641846,1.74036807971367,36.5888
5346.900000000001,3.91491668918785,1.73818168765373,36.5921
5348.900000000001,3.913694260686629,1.74036807971367,36.5921
5350.900000000001,3.91226955884983,1.73818168765373,36.59538
5352.900000000001,3.91099671311044,1.73818168765373,36.59779480080343
5354.900000000001,3.9096733813043016,1.73818168765373,36.59538
5356.900000000001,3.908538515161028,1.73818168765373,36.59538
5358.900000000001,3.90735345965066,1.73818168765373,36.59538
5360.900000000001,3.9061683886276035,1.73818168765373,36.5921
5362.900000000001,3.90470632931264,1.73818168765373,36.5921
5364.900000000001,3.90376092562049,1.73818168765373,36.59369268367781
5366.900000000001,3.90262644118991,1.74036807971367,36.59538
5368.900000000001,3.901579899981711,1.73818168765373,36.59618581015132
5370.900000000001,3.900117807318825,1.73818168765373,36.59868
5372.900000000001,3.8990846142287987,1.73818168765373,36.59868
5374.900000000001,3.898604752921462,1.73818168765373,36.59868
5376.900000000001,3.897092529432319,1.74036807971367,36.59868
5378.900000000001,3.8958701066447117,1.73818168765373,36.59538
5380.900000000001,3.8951137828433886,1.73818168765373,36.59868
5382.900000000001,3.89411780796057,1.73818168765373,36.59868
5384.900000000001,3.89317240426843,1.73818168765373,36.59868
5386.900000000001,3.8923655093872362,1.74036807971367,36.59868
5388.900000000001,3.89147067762256,1.738766494029996,36.59868
5390.900000000001,3.89052527393041,1.7387664194549992,36.60196
5392.900000000001,3.889681284608131,1.73818168765373,36.59868
5394.900000000001,3.88882354728454,1.74036807971367,36.60196
5396.900000000001,3.8878275720886326,1.7387664597209032,36.60525
5398.900000000001,3.886794227496475,1.73818168765373,36.60525
5400.900000000001,3.88617641694653,1.739783324686138,36.60525
5402.900000000001,3.88542009399281,1.73818168765373,36.60525
5404.900000000001,3.884438569633666,1.7387712606380046,36.60855
5406.900000000001,3.88371836734694,1.73818168765373,36.60525
5408.900000000001,3.88315112513165,1.73818168765373,36.60855
5410.900000000001,3.882344232148066,1.7387664426778733,36.60525
5412.900000000001,3.88126031774735,1.7387679583330338,36.60525
5414.900000000001,3.8805549610130563,1.73818168765373,36.60196
5416.900000000001,3.8798861818112416,1.7397833161646872,36.60855
5418.900000000001,3.879041917644995,1.73818168765373,36.61183
5420.900000000001,3.8783735382255022,1.73818168765373,36.61183
5422.900000000001,3.87747870297876,1.74036807971367,36.61183
5424.900000000001,3.87672238002504,1.73818168765373,36.61512
5426.900000000001,3.8760166305840102,1.7397832844166623,36.61841
5428.900000000001,4.027169450420193,-1.47144185634083,36.62791599419358
5430.900000000001,4.03668605530121,-1.47144185634083,36.6288227041161
5432.900000000001,4.043366454373712,-1.47144185634083,36.62828
5434.900000000001,4.048660713977893,-1.47144185634083,36.63157
5436.900000000001,4.05351287045685,-1.47144185634083,36.63486
5438.900000000001,4.057799157918638,-1.47144185634083,36.643637982777
5440.900000000001,4.061896364618784,-1.47144185634083,36.65021460086178
5442.900000000001,4.06605612919007,-1.47144185634083,36.65788
5444.900000000001,4.069964270018469,-1.47144185634083,36.66337461925494
5446.900000000001,4.0736179972155835,-1.47144185634083,36.66775
5448.900000000001,4.07746355259484,-1.47144185634083,36.67105
5450.900000000001,4.080992147063046,-1.47144185634083,36.67762
5452.900000000001,4.084270462347317,-1.47144185634083,36.67871730962589
5454.900000000001,4.087673916163489,-1.47144185634083,36.6842
5456.900000000001,4.091077368395079,-1.47144185634083,36.6875
5458.900000000001,4.09397614848081,-1.47144185634083,36.69078
5460.900000000001,4.09681235955726,-1.47144185634083,36.69407
5462.900000000001,4.099396919301147,-1.47144185634083,36.69407
5464.900000000001,4.10191753949486,-1.47144185634083,36.69407
5466.900000000001,4.10399742761759,-1.47144185634083,36.69407
5468.900000000001,4.1062038227153685,-1.47144185634083,36.69736
5470.900000000001,4.108030691598494,-1.47144185634083,36.70065
5472.900000000001,4.109985443298163,-1.47144185634083,36.70393
5474.900000000001,4.11156065715478,-1.47144185634083,36.70723
5476.900000000001,4.11288422232379,-1.47144185634083,36.71052
5478.900000000001,4.114649881154454,-1.47144185634083,36.7138
5480.900000000001,4.115846945676568,-1.47144185634083,36.7171
5482.900000000001,4.117297022026856,-1.47144185634083,36.7171
5484.900000000001,4.118241050949437,-1.47144185634083,36.7171
5486.900000000001,4.119439476513803,-1.47144185634083,36.7138
5488.900000000001,4.12063653259941,-1.47144185634083,36.70723
5490.900000000001,4.12158193629156,-1.47144185634083,36.70393
5492.900000000001,4.12290550146056,-1.47144185634083,36.70065
5494.900000000001,4.12385090515271,-1.47144185634083,36.70065
5496.900000000001,4.125111901836426,-1.47144185634083,36.70065
5498.900000000001,4.125993365454676,-1.47144185634083,36.70065
5500.900000000001,4.12687619696759,-1.47144185634083,36.70065
5502.900000000001,4.12782160065974,-1.47144185634083,36.70065
5504.900000000001,4.128704434281474,-1.47144185634083,36.70393
5506.900000000001,4.12971240804404,-1.47144185634083,36.70065
5508.900000000001,4.130532648294711,-1.47144185634083,36.70065
5510.900000000001,4.1314141346899,-1.47144185634083,36.70065
5512.900000000001,4.132486049586043,-1.47144185634083,36.69736
5514.900000000001,4.13311586133577,-1.47144185634083,36.69736
5516.900000000001,4.133998695493593,-1.47144185634083,36.69992198837564
5518.900000000001,4.1348801575047975,-1.47144185634083,36.70065
5520.900000000001,4.1354474018405085,-1.47144185634083,36.70723
5522.900000000001,4.13614115315065,-1.47144185634083,36.70723
5524.900000000001,4.137213067521969,-1.47144185634083,36.71052
5526.900000000001,4.137780310786411,-1.47144185634083,36.71052
5528.900000000001,4.1384101220118,-1.47144185634083,36.71052
5530.900000000001,4.13935552570395,-1.47144185634083,36.70723
5532.900000000001,4.139796256191166,-1.47144185634083,36.70723
5534.900000000001,4.14067909087296,-1.47144185634083,36.709047993194844
5536.900000000001,4.141183764077967,-1.47144185634083,36.70723
5538.900000000001,4.1419400859826725,-1.47144185634083,36.70429799556687
5540.900000000001,4.142568519761476,-1.47144185634083,36.70393
5542.900000000001,4.14332622121098,-1.47144185634083,36.70393
5544.900000000001,4.1440825441647,-1.47144185634083,36.70065
5546.900000000001,4.14464978637999,-1.47144185634083,36.70065
5548.900000000001,4.1454061093337,-1.47144185634083,36.70723
5550.900000000001,4.146037297458769,-1.47144185634083,36.71052
5552.900000000001,4.146414079927488,-1.47144185634083,36.7138
5554.900000000001,4.147296916718,-1.47144185634083,36.7138
5556.900000000001,4.14767507819486,-1.47144185634083,36.72038
5558.900000000001,4.14868305511601,-1.47144185634083,36.72368
5560.900000000001,4.148872132160318,-1.47144185634083,36.72696
5562.900000000001,4.14956588557916,-1.47144185634083,36.72696
5564.900000000001,4.011617860953612,1.5326608340192,36.72368
5566.900000000001,4.002055870291339,1.5326608340192,36.72696
5568.900000000001,3.9967345680388533,1.5326608340192,36.72696
5570.900000000001,3.9923857164878505,1.5326608340192,36.73025
5572.900000000001,3.988252976159389,1.5326608340192,36.73025
5574.900000000001,3.9852277155816664,1.5326608340192,36.73025
5576.900000000001,3.982364433275795,1.5326608340192,36.73025
5578.900000000001,3.9797444437157994,1.5326608340192,36.72696
5580.900000000001,3.977529441141855,1.5326608340192,36.72696
5582.900000000001,3.97504436400851,1.5326608340192,36.72696
5584.900000000001,3.97296447588578,1.5326608340192,36.72696
5586.900000000001,3.971397756785768,1.5326608340192,36.72368
5588.900000000001,3.969345068847272,1.5326608340192,36.72368
5590.900000000001,3.96729205373289,1.5326608340192,36.72038
5592.900000000001,3.96559032708702,1.5326608340192,36.7138
5594.900000000001,3.964050668581254,1.5326608340192,36.7138
5596.900000000001,3.962213911522809,1.5326608340192,36.70723
5598.900000000001,3.96086330862627,1.5326608340192,36.70065
5600.900000000001,3.959566760127029,1.5326608340192,36.70065
5602.900000000001,3.9578650558968476,1.5326608340192,36.70065
5604.900000000001,3.95651445164239,1.5326608340192,36.69736
5606.900000000001,3.955136811471731,1.5326608340192,36.69078
5608.900000000001,3.95367824056594,1.5326608340192,36.6875
5610.900000000001,3.952516724074217,1.5326608340192,36.6842
5612.900000000001,3.9512472316368705,1.5326608340192,36.67762
5614.900000000001,3.9500316256486214,1.5326608340192,36.67433
5616.900000000001,3.9484110194285607,1.5326608340192,36.67433
5618.900000000001,3.9474116907175874,1.5326608340192,36.67433
5620.900000000001,3.94608798575877,1.5326608340192,36.67433
5622.900000000001,3.94479144585975,1.5326608340192,36.67105
5624.900000000001,3.9438190230097323,1.5326608340192,36.67057843837134
5626.900000000001,3.9423063569482304,1.5326608340192,36.66775
5628.900000000001,3.941036779588008,1.5326608340192,36.66446
5630.900000000001,3.9398483200322914,1.5326608340192,36.66735692332607
5632.900000000001,3.9384977051300725,1.5326608340192,36.66118
5634.900000000001,3.93703913558413,1.5326608340192,36.65788
5636.900000000001,3.936066695296354,1.5326608340192,36.65788
5638.900000000001,3.93458108598454,1.5326608340192,36.65788
5640.900000000001,3.9332304860353595,1.5326608340192,36.65788
5642.900000000001,3.93174487490809,1.5326608340192,36.6546
5644.900000000001,3.93023222900066,1.5326608340192,36.6546
5646.900000000001,3.92871958309322,1.5326608340192,36.6546
5648.900000000001,3.9273691424207744,1.5326608340192,36.6546
5650.900000000001,3.925856359645623,1.5326608340192,36.6546
5652.900000000001,3.924343997253443,1.5326608340192,36.6513
5654.900000000001,3.9226419615098935,1.5326608340192,36.6513
5656.900000000001,3.92115635355603,1.5326608340192,36.64802
5658.900000000001,3.91926554617173,1.5326608340192,36.64473
5660.900000000001,3.917779914218965,1.5326608340192,36.64143
5662.900000000001,3.9162937693151276,1.5326608340192,36.63815
5664.900000000001,3.9147546507035633,1.5326608340192,36.64143
5666.900000000001,3.91359312401884,1.5326608340192,36.64473
5668.900000000001,3.912026684481897,1.5326608340192,36.64802
5670.900000000001,3.91075691294239,1.5326608340192,36.64802
5672.900000000001,3.9092174641464656,1.53484722607914,36.64143
5674.900000000001,3.90810978260438,1.5326608340192,36.64143
5676.900000000001,3.90678621743537,1.5326608340192,36.64143
5678.900000000001,3.90565173300479,1.5326608340192,36.64143
5680.900000000001,3.90432816783578,1.5326608340192,36.64143
5682.900000000001,3.903436218679208,1.5326608340192,36.63815
5684.900000000001,3.9025723621143382,1.5326608340192,36.63486
5686.900000000001,3.9011408334624527,1.5326608340192,36.63486
5688.900000000001,3.9003037208709688,1.5326608340192,36.62828
5690.900000000001,3.8993580226278084,1.5326608340192,36.6217
5692.900000000001,3.8984398781779355,1.5326608340192,36.6155834990616
5694.900000000001,3.89714309977545,1.5326608340192,36.60855
5696.900000000001,3.89638677682173,1.5326608340192,36.60525
5698.900000000001,3.895468286042432,1.5326608340192,36.60855
5700.900000000001,3.8948470972669753,1.5326608340192,36.61183
5702.900000000001,3.8936860552282995,1.5326608340192,36.61183
5704.900000000001,3.892956282634409,1.5326608340192,36.61183
5706.900000000001,3.8921999612649953,1.5326608340192,36.61512
5708.900000000001,3.8910925161457,1.5326608340192,36.61183
5710.900000000001,3.8903091538805854,1.5326608340192,36.61512
5712.900000000001,3.889606607272739,1.5326608340192,36.61465477628569
5714.900000000001,3.88882354728454,1.5326608340192,36.611438211553846
5716.900000000001,3.88825630506925,1.5326608340192,36.60855
5718.900000000001,3.887472983783005,1.5326608340192,36.60855
5720.900000000001,3.886392520011235,1.5326608340192,36.60855
5722.900000000001,3.88579825546967,1.5326608340192,36.60525
5724.900000000001,3.8852580530182306,1.5326608340192,36.60196
5726.900000000001,3.884636733086174,1.5326608340192,36.59538
5728.900000000001,3.8837721115407082,1.5326608340192,36.59538
5730.900000000001,3.88315112513165,1.5326608340192,36.59868
5732.900000000001,3.88239480217793,1.5326608340192,36.59868
5734.900000000001,3.88182755996264,1.5326608340192,36.60196
5736.900000000001,3.88107123700892,1.5326608340192,36.60525
5738.900000000001,3.8803149140552,1.5326608340192,36.60855
5740.900000000001,3.8797747077519302,1.5326608340192,36.60855
5742.900000000001,3.8791533948414534,1.5326608340192,36.61512
5744.900000000001,3.87823502593248,1.5326608340192,36.61512
5746.900000000001,3.8778298251449956,1.5326608340192,36.61512
5748.900000000001,3.8772627149947976,1.5326608340192,36.61512
5750.900000000001,3.8766953386764005,1.5326608340192,36.61512
5752.900000000001,3.8756146857729057,1.5326608340192,36.61512
5754.900000000001,3.875236774333214,1.5326608340192,36.61512
5756.900000000001,3.874993615426694,1.5326608340192,36.61183
5758.900000000001,3.87423748600135,1.5326608340192,36.61183
5760.900000000001,3.873535024140664,1.5326608340192,36.60855
5762.900000000001,3.87294076525644,1.5326608340192,36.60855
5764.900000000001,3.8725355617529473,1.5326608340192,36.60855
5766.900000000001,3.871968325196694,1.5326608340192,36.60855
5768.900000000001,3.8711039083319325,1.5326608340192,36.60855
5770.900000000001,3.87067179639529,1.5326608340192,36.61183
5772.900000000001,3.87010455418,1.5326608340192,36.60855
5774.900000000001,3.86953731196471,1.5326608340192,36.61183
5776.900000000001,3.86897006974942,1.5326608340192,36.60855
5778.900000000001,3.8684297429403682,1.5326608340192,36.60855
5780.900000000001,3.86764650458041,1.5326608340192,36.60525
5782.900000000001,3.867430687947012,1.5326608340192,36.606188848233685
5784.900000000001,3.8666740599933136,1.5326608340192,36.60855
5786.900000000001,3.8662959030441084,1.5326608340192,36.60855
5788.900000000001,3.86553964485331,1.5326608340192,36.60525
5790.900000000001,3.8649723430867846,1.5329734026313035,36.60525
5792.900000000001,3.864594459376036,1.53484722607914,36.59868
5794.900000000001,3.86386488981182,1.53484722607914,36.59538
5796.900000000001,3.863324685774963,1.53484722607914,36.59249038469881
5798.900000000001,3.8625952538068287,1.53484722607914,36.59538
5800.900000000001,3.86235224390438,1.53484722607914,36.5921
5802.900000000001,3.86178500168909,1.53484722607914,36.5888
5804.900000000001,3.861244796294273,1.53484722607914,36.5921
5806.900000000001,3.86065051725851,1.53484722607914,36.59538
5808.900000000001,3.86027235578165,1.53484722607914,36.59538
5810.900000000001,3.859867152278928,1.5326608340192,36.59538
5812.900000000001,3.8593269520895,1.5326608340192,36.59538
5814.900000000001,3.85894879061264,1.5326608340192,36.5921
5816.900000000001,3.8581654297073245,1.5326608340192,36.59538
5818.900000000001,3.8578412501459405,1.5326608340192,36.5921
5820.900000000001,3.857274095577396,1.5326608340192,36.5921
5822.900000000001,3.85667982175149,1.5326608340192,36.5888
5824.900000000001,3.8562746191536252,1.5326608340192,36.5921
5826.900000000001,3.855518298238104,1.5326608340192,36.5921
5828.900000000001,3.8553293287107357,1.53484722607914,36.5888
5830.900000000001,3.8544378695579575,1.53484722607914,36.5888
5832.900000000001,3.8540056482561638,1.53484722607914,36.5921
5834.900000000001,3.85346544919818,1.5326608340192,36.59538
5836.900000000001,3.8529522828853895,1.5326608340192,36.59868
5838.900000000001,3.852844131532895,1.5326608340192,36.60196
5840.900000000001,3.85214188402917,1.5326608340192,36.60196
5842.900000000001,3.85157464181388,1.5326608340192,36.60525
5844.900000000001,3.85100739959859,1.5326608340192,36.60525
5846.900000000001,3.8505751622194193,1.5326608340192,36.60525
5848.900000000001,3.850224034846059,1.5326608340192,36.60855
5850.900000000001,3.8494677152867816,1.53484722607914,36.61183
5852.900000000001,3.84892751147587,1.5326608340192,36.61183
5854.900000000001,3.84854934999901,1.5326608340192,36.61183
5856.900000000001,3.847955068247475,1.5326608340192,36.60525
5858.900000000001,3.847630988332266,1.5326608340192,36.60525
5860.900000000001,3.84741486556843,1.5326608340192,36.60525
5862.900000000001,3.846442424831258,1.5326608340192,36.60525
5864.900000000001,3.84609130039942,1.5326608340192,36.59868
5866.900000000001,3.8456861007451333,1.5326608340192,36.59868
5868.900000000001,3.84514589670727,1.53484722607914,36.59868
5870.900000000001,3.9116692410730307,0.0021863920599418,36.5921
5872.900000000001,3.9182870656102025,0.0,36.59538
5874.900000000001,3.9218796059795253,0.0,36.59651451025241
5876.900000000001,3.925049048336565,0.0009019436377959541,36.59868
5878.900000000001,3.926906778297148,0.0,36.59912966410579
5880.900000000001,3.92909774457008,0.0009019727257229427,36.60196
5882.900000000001,3.93061039047752,0.0,36.60196
5884.900000000001,3.9322010395276767,0.0,36.60196
5886.900000000001,3.9333355236808534,0.0012844236901789206,36.60196
5888.900000000001,3.935037248464836,0.0,36.60196
5890.900000000001,3.9359826562573224,0.0009019942535613333,36.59868
5892.900000000001,3.9371171406875725,0.0,36.59538
5894.900000000001,3.93817362001471,0.0021863920599418,36.5921
5896.900000000001,3.939230099995522,0.001284405368925053,36.59538
5898.900000000001,3.94025350813743,0.0012844484266318053,36.59538
5900.900000000001,3.94100983109115,0.0009019834873382605,36.5888
5902.900000000001,3.941877231541658,0.0021863920599418,36.5888
5904.900000000001,3.942822634025517,0.0021863920599418,36.58552
5906.900000000001,3.94327879995231,0.0021863920599418,36.58223
5908.900000000001,3.9439240447553874,0.0021863920599418,36.57893
5910.900000000001,3.944680367986423,0.0,36.58223
5912.900000000001,3.94535868807504,0.0021863920599418,36.57893
5914.900000000001,3.94611501102875,0.0,36.57565
5916.900000000001,3.94649317250561,0.0021863920599418,36.57236
5918.900000000001,3.94724949545933,0.0009019695126782286,36.57236
5920.900000000001,3.94762765693619,0.0021863920599418,36.56907
5922.900000000001,3.94838397988991,0.0021863920599418,36.56578
5924.900000000001,3.94872906580394,0.0012844268992550872,36.5625
5926.900000000001,3.949062300533317,0.0021863920599418,36.5625
5928.900000000001,3.9497855489542903,0.0021863920599418,36.5625
5930.900000000001,3.95027478727421,0.0012844010188676484,36.56578
5932.900000000001,3.95065294875107,0.0,36.5592
5934.900000000001,3.9509200343154998,0.0021863920599418,36.55655032299405
5936.900000000001,3.95140927170479,0.0021863920599418,36.55591
5938.900000000001,3.95178743318165,0.0021863920599418,36.55262
5940.900000000001,3.9522436013460895,0.0021863920599418,36.55126268563647
5942.900000000001,3.9527328368738,0.0021863920599418,36.54275
5944.900000000001,3.9529999211306093,0.0021863920599418,36.54275
5946.900000000001,3.95330007908908,0.0021863920599418,36.54139270838954
5948.900000000001,3.953900404514336,0.0021863920599418,36.53946
5950.900000000001,3.95386732130437,0.0,36.53618
5952.900000000001,3.954167481124963,0.0021863920599418,36.53152689849066
5954.900000000001,3.954923803801304,0.001284434463416893,36.5296
5956.900000000001,3.954890728891328,0.0021863920599418,36.52891930440138
5958.900000000001,3.95519088647338,0.0021863920599418,36.52607310636526
5960.900000000001,3.95568012544787,0.0021863920599418,36.51973
5962.900000000001,3.955791201638054,0.0012844117892589087,36.51643
5964.900000000001,3.95613629016553,0.0009019866828559724,36.50986
5966.900000000001,3.956625527931825,0.0,36.50986
5968.900000000001,3.95670353238082,0.0,36.50657
5970.900000000001,3.9571927679089254,0.0021863920599418,36.50657
5972.900000000001,3.95727077459611,0.0021863920599418,36.50328
5974.900000000001,3.9574267872172557,0.0,36.50657
5976.900000000001,3.9578380168114,0.0,36.50986
5978.900000000001,3.95802709754983,0.0,36.51315
5980.900000000001,3.958294183390647,0.0,36.51315
5982.900000000001,3.9585163340085976,0.0021863920599418,36.50657
5984.900000000001,3.95878342050355,0.0,36.50328
5986.900000000001,3.95897250124198,0.0,36.4967
5988.900000000001,3.95935066271884,0.0,36.49012
5990.900000000001,3.9595066736771214,0.0,36.48683
5992.900000000001,3.9597288241957,0.0,36.48355
5994.900000000001,3.95991790493413,0.0,36.47696
5996.900000000001,3.9599959109676175,0.0,36.47038
5998.900000000001,3.9605962246473747,0.0,36.4638
6000.900000000001,3.96067422788784,0.0,36.46052
6002.900000000001,3.9607522304746303,0.0012844269109315383,36.46052
6004.900000000001,3.961163465931859,0.001284408589147959,36.45723
6006.900000000001,3.96143055084156,0.0,36.45723
6008.900000000001,3.96161963157999,0.0021863920599418,36.45723
6010.900000000001,3.961886716489698,0.0,36.45723
6012.900000000001,3.962108869247328,0.0,36.45393
6014.900000000001,3.96218687379528,0.0,36.44736
6016.900000000001,3.96256503527214,0.0,36.44078
6018.900000000001,3.96275411601057,0.0009019759102964907,36.4375
6020.900000000001,3.962832121112634,0.0,36.4342
6022.900000000001,3.96313227748743,0.0009020017938500463,36.43091
6024.900000000001,3.9632102838970957,0.0,36.42955269047217
6026.900000000001,3.9633993654669495,0.0,36.42433
6028.900000000001,3.963777522566237,0.0,36.42433
6030.900000000001,3.96388860044115,0.0,36.42105
6032.900000000001,3.96445584265644,0.0,36.42105
6034.900000000001,3.96445584265644,0.0,36.41968860398537
6036.900000000001,3.96464492339487,0.0,36.41775
6038.900000000001,3.964912006719559,0.0,36.41775
6040.900000000001,3.96521216561016,0.0012843687374257894,36.41775
6042.900000000001,3.96540124634859,0.0,36.41775
6044.900000000001,3.96559032708702,0.0,36.41775
6046.900000000001,3.965668297456566,0.0,36.41775
6048.900000000001,3.96607956568595,0.0,36.41446
6050.900000000001,3.9663135808136847,0.0,36.41118
6052.900000000001,3.96634665004074,0.0009019942293812302,36.41118
6054.900000000001,3.966646805484663,0.0,36.40788
6056.900000000001,3.9667248115176,0.0021863920599418,36.4046
6058.900000000001,3.967024966585507,0.0,36.39802
6060.900000000001,3.96710297299446,0.0021863920599418,36.39802
6062.900000000001,3.96748113447132,0.0,36.39473
6064.900000000001,3.96748113447132,0.0,36.39143
6066.900000000001,3.967781364716158,0.0,36.39143
6068.900000000001,3.9679703714856127,0.0009019953777330176,36.38815
6070.900000000001,3.96785929594818,0.0,36.38486
6072.900000000001,3.96842653816346,0.0021863920599418,36.37828
6074.900000000001,3.921124413176734,0.992621995213575,36.37828
6076.900000000001,3.9173587670133885,0.994808387273517,36.375
6078.900000000001,3.91453852771099,0.994808387273517,36.375
6080.900000000001,3.91226955884983,0.994808387273517,36.375
6082.900000000001,3.9101736957839766,0.994808387273517,36.3717
6084.900000000001,3.908503894491501,0.992621995213575,36.36841
6086.900000000001,3.907148403165653,0.9928067271209984,36.36183
6088.900000000001,3.9058248402503657,0.992621995213575,36.35855
6090.900000000001,3.9041550562374647,0.992621995213575,36.35855
6092.900000000001,3.90300460266677,0.992621995213575,36.35196
6094.900000000001,3.9020432735057473,0.994808387273517,36.35196
6096.900000000001,3.90054655306719,0.994808387273517,36.35196
6098.900000000001,3.8995851757485256,0.994808387273517,36.35196
6100.900000000001,3.89846666494446,0.992621995213575,36.34868
6102.900000000001,3.897505287626391,0.992621995213575,36.34868
6104.900000000001,3.8967489809006244,0.992621995213575,36.34538
6106.900000000001,3.8954733150274916,0.994808387273517,36.3421
6108.900000000001,3.89468505017586,0.994808387273517,36.33651793534879
6110.900000000001,3.89392872722215,0.994808387273517,36.33223
6112.900000000001,3.8929992986065747,0.994808387273517,36.32893
6114.900000000001,3.89203791983785,0.994808387273517,36.32893
6116.900000000001,3.89128159688413,0.994808387273517,36.32565
6118.900000000001,3.890557217745764,0.994808387273517,36.325372089215996
6120.900000000001,3.8897529777524418,0.994808387273517,36.32208206630769
6122.900000000001,3.8893748173249305,0.9946236966663691,36.31578
6124.900000000001,3.88844538580768,0.992621995213575,36.3125
6126.900000000001,3.8878941206551896,0.992621995213575,36.3125
6128.900000000001,3.8874840100741053,0.992621995213575,36.31231416144539
6130.900000000001,3.88636549768496,0.994808387273517,36.3092
6132.900000000001,3.88617641694653,0.994808387273517,36.30591
6134.900000000001,3.8855613682439563,0.994808387273517,36.30915364666575
6136.900000000001,3.88485285177752,0.994808387273517,36.30591
6138.900000000001,3.88428560956223,0.994808387273517,36.30591
6140.900000000001,3.88371836734694,0.992806701048079,36.30591
6142.900000000001,3.88334020587008,0.994808387273517,36.3092
6144.900000000001,3.8825679557289643,0.994808387273517,36.3092
6146.900000000001,3.882189750871064,0.994808387273517,36.3092
6148.900000000001,3.88144939848578,0.994808387273517,36.3125
6150.900000000001,3.8812283736658033,0.994808387273517,36.3125
6152.900000000001,3.88069307553206,0.994808387273517,36.3125
6154.900000000001,3.88012583331677,0.994808387273517,36.3092
6156.900000000001,3.87955859110148,0.994808387273517,36.3092
6158.900000000001,3.87936951036306,0.994808387273517,36.3092
6160.900000000001,3.878818242956078,0.994808387273517,36.30591
6162.900000000001,3.878408131594401,0.994808387273517,36.29933
6164.900000000001,3.877683715125255,0.994808387273517,36.29605
6166.900000000001,3.87747870297876,0.994808387273517,36.29275
6168.900000000001,3.87691146076347,0.994808387273517,36.29275
6170.900000000001,3.8767064050829068,0.994808387273517,36.28946
6172.900000000001,3.8761391625995767,0.994808387273517,36.28946
6174.900000000001,3.875792907740845,0.9946241680656555,36.28946
6176.900000000001,3.8752097341176,0.994808387273517,36.28618
6178.900000000001,3.8752257048411987,0.994808387273517,36.28288
6180.900000000001,3.87483157264074,0.994808387273517,36.2796
6182.900000000001,3.87445341116388,0.994808387273517,36.2796
6184.900000000001,3.873902117772449,0.994808387273517,36.2796
6186.900000000001,3.873492034247922,0.994808387273517,36.2796
6188.900000000001,3.8731138752713816,0.994808387273517,36.2796
6190.900000000001,3.8729088159083664,0.994808387273517,36.2796
6192.900000000001,3.87237352304115,0.994808387273517,36.2796
6194.900000000001,3.871633168289323,0.994808387273517,36.2796
6196.900000000001,3.87142811934901,0.994808387273517,36.2796
6198.900000000001,3.87123903861058,0.994808387273517,36.2763
6200.900000000001,3.8708449081291274,0.994808387273517,36.27602298428968
6202.900000000001,3.87048271565686,0.994808387273517,36.27302
6204.900000000001,3.870450787464896,0.992621995213575,36.26973
6206.900000000001,3.869553283983427,0.992621995213575,36.26643
6208.900000000001,3.8693801761099906,0.992621995213575,36.26315
6210.900000000001,3.86934823122628,0.992621995213575,36.25986
6212.900000000001,3.8689540962583173,0.994808387273517,36.25657
6214.900000000001,3.8686078454858146,0.992621995213575,36.25657
6216.900000000001,3.86802466605727,0.9946236724102924,36.25657
6218.900000000001,3.867992733316167,0.9928066187034644,36.25657
6220.900000000001,3.8676145581334542,0.992621995213575,36.25657
6222.900000000001,3.8670632887403666,0.992621995213575,36.25328
6224.900000000001,3.86670110088826,0.994808387273517,36.25
6226.900000000001,3.8663389143531472,0.994808387273517,36.25
6228.900000000001,3.8663229394114,0.994808387273517,36.2467
6230.900000000001,3.86575569719611,0.992621995213575,36.2467
6232.900000000001,3.86556661645768,0.992621995213575,36.24341
6234.900000000001,3.8650312864010994,0.992621995213575,36.24341
6236.900000000001,3.86499937424239,0.992621995213575,36.24341
6238.900000000001,3.8644481024822337,0.994808387273517,36.24012
6240.900000000001,3.863880863168834,0.994808387273517,36.24012
6242.900000000001,3.8636917812469314,0.994808387273517,36.24012
6244.900000000001,3.8635026815119287,0.994808387273517,36.24341
6246.900000000001,3.86329764759653,0.994808387273517,36.24341
6248.900000000001,3.8631085668581,0.994808387273517,36.24341
6250.900000000001,3.8625253540536195,0.994808387273517,36.24341
6252.900000000001,3.86216316316595,0.994808387273517,36.24012
6254.900000000001,3.8619581566932886,0.992621995213575,36.24341
6256.900000000001,3.8619421426743115,0.992621995213575,36.24012
6258.900000000001,3.8610446288763747,0.994808387273517,36.24341
6260.900000000001,3.8612177594738,0.994808387273517,36.24341
6262.900000000001,3.86065051725851,0.994808387273517,36.24012
6264.900000000001,3.86046143652008,0.994808387273517,36.24341
6266.900000000001,3.860256380037129,0.992621995213575,36.2467
6268.900000000001,3.8597370605464754,0.994808387273517,36.24569292770491
6270.900000000001,3.8595320077691264,0.992621995213575,36.24341
6272.900000000001,3.8592950019398917,0.994808387273517,36.24012
6274.900000000001,3.8591060053680706,0.994808387273517,36.24012
6276.900000000001,3.8587437357364864,0.994808387273517,36.24012
6278.900000000001,3.85819246765892,0.994808387273517,36.24012
6280.900000000001,3.858208441015283,0.992621995213575,36.24012
6282.900000000001,3.85781430618206,0.994808387273517,36.24012
6284.900000000001,3.8574361447052,0.994808387273517,36.24012
6286.900000000001,3.85705798322835,0.9946236830062759,36.24341
6288.900000000001,3.85667982175149,0.994808387273517,36.24341
6290.900000000001,3.856836943903952,0.994808387273517,36.24012
6292.900000000001,3.8561125795362,0.994808387273517,36.23683
6294.900000000001,3.85573441805934,0.994808387273517,36.23355
6296.900000000001,3.855561315029091,0.994808387273517,36.23025
6298.900000000001,3.85535625658248,0.994808387273517,36.22696
6300.900000000001,3.85516717584405,0.992621995213575,36.22696
6302.900000000001,3.8547730379759777,0.992621995213575,36.22696
6304.900000000001,3.8543948750480275,0.994808387273517,36.22368
6306.900000000001,3.854205802612943,0.994808387273517,36.22696
6308.900000000001,3.8538595857498987,0.994808387273517,36.22696
6310.900000000001,3.85346544919818,0.994808387273517,36.22368
6312.900000000001,3.853433501951203,0.994808387273517,36.22696
6314.900000000001,3.85270912624446,0.994808387273517,36.22368
6316.900000000001,3.85252004550603,0.994808387273517,36.22696
6318.900000000001,3.852488101963211,0.994808387273517,36.22696
6320.900000000001,3.8519687794141175,0.994808387273517,36.22696
6322.900000000001,3.85176372255231,0.994808387273517,36.22696
6324.900000000001,3.851542696932702,0.994808387273517,36.22368
6326.900000000001,3.85100739959859,0.994808387273517,36.22368
6328.900000000001,3.85081831886016,0.994808387273517,36.22038
6330.900000000001,3.8504401573833,0.994808387273517,36.22038
6332.900000000001,3.85006199590644,0.994808387273517,36.22038
6334.900000000001,3.8500460222830077,0.994808387273517,36.22038
6336.900000000001,3.849699807785118,0.994808387273517,36.22038
6338.900000000001,3.84949475369116,0.994808387273517,36.22038
6340.900000000001,3.849148547629561,0.994808387273517,36.22038
6342.900000000001,3.8487544054102196,0.994808387273517,36.22038
6344.900000000001,3.84854934999901,0.994808387273517,36.22038
6346.900000000001,3.84817118852215,0.994808387273517,36.22038
6348.900000000001,3.847809001985606,0.994808387273517,36.22368
6350.900000000001,3.84779302704529,0.992621995213575,36.224677946045205
6352.900000000001,3.84741486556843,0.994808387273517,36.22368
6354.900000000001,3.84705267467933,0.994808387273517,36.22038
6356.900000000001,3.846831654350318,0.994808387273517,36.22010298432039
6358.900000000001,3.84646946187628,0.994808387273517,36.2171
6360.900000000001,3.9622818068553403,-1.51516969753966,36.2138
6362.900000000001,3.9701757269826046,-1.5143509105257984,36.21052
6364.900000000001,3.975493334369795,-1.51516969753966,36.21052
6366.900000000001,3.979889652933958,-1.51516969753966,36.2138
6368.900000000001,3.9832931082081586,-1.5138020810306057,36.2138
6370.900000000001,3.98676736979115,-1.51516969753966,36.2171
6372.900000000001,3.989840128930624,-1.51516969753966,36.22696
6374.900000000001,3.99243979194404,-1.51516969753966,36.23355
6376.900000000001,3.9948270344390173,-1.51516969753966,36.24012
6378.900000000001,3.99754497188164,-1.51516969753966,36.24341
6380.900000000001,4.000050488806181,-1.5138020627084594,36.25
6382.900000000001,4.002508538405111,-1.51298330547972,36.25328
6384.900000000001,4.004777498946085,-1.51516969753966,36.26643
6386.900000000001,4.006928200113688,-1.5143509173843823,36.27302
6388.900000000001,4.009315441819695,-1.51516969753966,36.28288
6390.900000000001,4.011466138827316,-1.51516969753966,36.28946
6392.900000000001,4.01399499612503,-1.51516969753966,36.29605
6394.900000000001,4.01626396498619,-1.51516969753966,36.30591
6396.900000000001,4.01815477237049,-1.513802078775256,36.31578
6398.900000000001,4.020660288499412,-1.51298330547972,36.32565
6400.900000000001,4.0226927100928,-1.51516969753966,36.33223
6402.900000000001,4.02515075969239,-1.51298330547972,36.33552
6404.900000000001,4.027278113157053,-1.5138020741734952,36.3421
6406.900000000001,4.0296886974147,-1.51516969753966,36.34538
6408.900000000001,4.031461231360906,-1.51516969753966,36.35196
6410.900000000001,4.0334703121833,-1.51516969753966,36.35855
6412.900000000001,4.03555020030602,-1.51516969753966,36.36512
6414.900000000001,4.0376775513967695,-1.51516969753966,36.3717
6416.900000000001,4.03937927922884,-1.51516969753966,36.375
6418.900000000001,4.040962735209018,-1.51516969753966,36.37828
6420.900000000001,4.042664461658992,-1.51516969753966,36.38486
6422.900000000001,4.044318721176603,-1.51516969753966,36.39122403615159
6424.900000000001,4.045926267048077,-1.51516969753966,36.39473
6426.900000000001,4.047344013787464,-1.5143509288395216,36.39802
6428.900000000001,4.048833316542043,-1.5138020787757325,36.4013
6430.900000000001,4.050345962057541,-1.51516969753966,36.40788
6432.900000000001,4.05162206307255,-1.51516969753966,36.41118
6434.900000000001,4.052874815789007,-1.51516969753966,36.41775
6436.900000000001,4.05389103193371,-1.51516969753966,36.42105
6438.900000000001,4.054907244315701,-1.5138020856396115,36.42433
6440.900000000001,4.05597092005644,-1.51516969753966,36.42433
6442.900000000001,4.056987129862421,-1.514350947166767,36.42762
6444.900000000001,4.05805080817916,-1.51516969753966,36.43091
6446.900000000001,4.059303566836312,-1.5138020604549949,36.43557614915522
6448.900000000001,4.060178164812116,-1.51298330547972,36.44078
6450.900000000001,4.06126518073247,-1.51516969753966,36.44440774024669
6452.900000000001,4.062139765253034,-1.5143507961765008,36.44736
6454.900000000001,4.0628486353301225,-1.51298330547972,36.44736
6456.900000000001,4.063841503371669,-1.51298330547972,36.45065
6458.900000000001,4.06485771476263,-1.51516969753966,36.45393
6460.900000000001,4.06523587623949,-1.51516969753966,36.45393
6462.900000000001,4.066417827993343,-1.51516969753966,36.45393
6464.900000000001,4.067055873942353,-1.51516969753966,36.45723
6466.900000000001,4.068001281006001,-1.51516969753966,36.46052
6468.900000000001,4.068521056094016,-1.5138020695825576,36.47038
6470.900000000001,4.069466460184335,-1.5143509288326817,36.47368
6472.900000000001,4.070199442761724,-1.5143509402999433,36.47696
6474.900000000001,4.07090829839239,-1.5143509334338006,36.47696
6476.900000000001,4.07185370208453,-1.51298330547972,36.47696
6478.900000000001,4.072539217339084,-1.51516969753966,36.48025
6480.900000000001,4.07317726725354,-1.51298330547972,36.48355
6482.900000000001,4.074240944976212,-1.51516969753966,36.48355
6484.900000000001,4.07468991316098,-1.51298330547972,36.48355
6486.900000000001,4.075327968221032,-1.51516969753966,36.49341
6488.900000000001,4.075942670435016,-1.51298330547972,36.50328
6490.900000000001,4.0766515288378935,-1.514350921973026,36.50328
6492.900000000001,4.077407850800477,-1.51298330547972,36.50657
6494.900000000001,4.0782116394915855,-1.51516969753966,36.50657
6496.900000000001,4.007591539481709,0.0,36.50657
6498.900000000001,4.004080904072331,0.0012394334371956532,36.50657
6500.900000000001,4.001622853574654,0.0,36.50657
6502.900000000001,4.00000302148123,0.0,36.50657
6504.900000000001,3.998219400969292,0.0,36.50328
6506.900000000001,3.99697772966636,0.0,36.50328
6508.900000000001,3.99584324523578,0.0,36.50657
6510.900000000001,3.9947087608052,0.0,36.50657
6512.900000000001,3.99414151858991,0.0,36.5
6514.900000000001,3.9931142203455336,0.0,36.494651468325834
6516.900000000001,3.99225071120561,0.0,36.49012
6518.900000000001,3.99149438825189,0.0,36.48683
6520.900000000001,3.99073806529817,0.0,36.48355
6522.900000000001,3.990063636896902,0.0,36.48355
6524.900000000001,3.989496394681224,0.0,36.48025
6526.900000000001,3.988954447269463,0.0,36.47368
6528.900000000001,3.98857628420786,0.0,36.468959395575006
6530.900000000001,3.9880090417806286,0.0,36.4671
6532.900000000001,3.98752369274487,0.0,36.4671
6534.900000000001,3.98714553126801,0.0,36.4638
6536.900000000001,3.9866601827067494,0.0,36.46052
6538.900000000001,3.98611823460838,0.0021863920599418,36.46052
6540.900000000001,3.985821966099,0.0012394493176353751,36.45723
6542.900000000001,3.98525472388371,0.0,36.45393
6544.900000000001,3.9851475367990927,0.0009469586164233295,36.44736
6546.900000000001,3.98487656240685,0.0,36.44407
6548.900000000001,3.98449840092999,0.0,36.4375
6550.900000000001,3.98412023945313,0.0,36.4342
6552.900000000001,3.98366018569528,0.0,36.4342
6554.900000000001,3.983634891789516,0.0,36.43091
6556.900000000001,3.98336391649941,0.0012394206058019294,36.42762
6558.900000000001,3.9830676495743362,0.0,36.42762
6560.900000000001,3.9829038620550703,0.0021863920599418,36.42433
6562.900000000001,3.98287856725127,0.0,36.41775
6564.900000000001,3.982714782901893,0.0009469323495039094,36.41446
6566.900000000001,3.98212224429767,0.0,36.41446
6568.900000000001,3.982065638846916,0.0021863920599418,36.41118
6570.900000000001,3.98185127059198,0.0,36.4046
6572.900000000001,3.981744082134147,0.0,36.39802
6574.900000000001,3.9815550045651538,0.0,36.39473
6576.900000000001,3.981636896421858,0.0,36.39143
6578.900000000001,3.98128402837669,0.0,36.38486
6580.900000000001,3.98090586689983,0.0,36.37828
6582.900000000001,3.9807986798145967,0.0,36.375
6584.900000000001,3.9807167861614,0.0,36.375
6586.900000000001,3.9808239755175365,0.0009469323502253699,36.3717
6588.900000000001,3.980634893406683,0.0012394438400099498,36.36512
6590.900000000001,3.9804205185498374,0.0,36.35855
6592.900000000001,3.9804458094989275,0.0,36.35525
6594.900000000001,3.980256729234462,0.0,36.35196
6596.900000000001,3.98014954394611,0.0,36.351030292575324
6598.900000000001,3.9800423568607846,0.0,36.34868
6600.900000000001,3.97996046320768,0.0,36.34538
6602.900000000001,3.9798785672837473,0.00094698486643591,36.3421
6604.900000000001,3.9796894886043273,0.0,36.33552
6606.900000000001,3.97958230173082,0.0,36.33223
6608.900000000001,3.97920414025396,0.0,36.3308007057126
6610.900000000001,3.97958230173082,0.0,36.33080070201254
6612.900000000001,3.9795004053831877,0.0,36.32422500565131
6614.900000000001,3.97939322099239,0.0012394230638266197,36.31907
6616.900000000001,3.9789897674555146,0.0,36.31506968589072
6618.900000000001,3.9791788418552048,0.0,36.312023588242944
6620.900000000001,3.979122247075375,0.0012394389387058433,36.3092
6622.900000000001,3.97901505951553,0.0012394102316988346,36.30591
6624.900000000001,3.9788259787771,0.0,36.30262
6626.900000000001,3.9788259787771,0.0,36.30262
6628.900000000001,3.978718791479399,0.0,36.29605
6630.900000000001,3.97863689803867,0.0,36.29275
6632.900000000001,3.97863689803867,0.0,36.29275
6634.900000000001,3.97863689803867,0.0,36.29275
6636.900000000001,3.97844781730024,0.0,36.28946
6638.900000000001,3.9785550068691626,0.0,36.28288
6640.900000000001,3.97863689803867,0.0,36.2796
6642.900000000001,3.97844781730024,0.0,36.2796
6644.900000000001,3.97844781730024,0.0,36.2763
6646.900000000001,3.97844781730024,0.0021863920599418,36.26973
6648.900000000001,3.978340628155613,0.0,36.26973
6650.900000000001,3.97825873656181,0.0,36.26643
6652.900000000001,3.97825873656181,0.0,36.26643
6654.900000000001,3.97825873656181,0.0,36.26315
6656.900000000001,3.97825873656181,0.0021863920599418,36.25986
6658.900000000001,3.97825873656181,0.0012394175885108072,36.25986
6660.900000000001,3.9779624668902227,0.0,36.25657
6662.900000000001,3.97788057508495,0.0,36.25657
6664.900000000001,4.027094202735793,-1.0639840573904622,36.25657
6666.900000000001,4.030376796243791,-1.06477293319165,36.25328
6668.900000000001,4.03271398922958,-1.06477293319165,36.2467
6670.900000000001,4.034725611582259,-1.06258654113171,36.24031496177203
6672.900000000001,4.036427378860932,-1.06477293319165,36.24012
6674.900000000001,4.037750795787232,-1.06477293319165,36.23683
6676.900000000001,4.039074253350368,-1.06477293319165,36.23683
6678.900000000001,4.04065538024363,-1.06477293319165,36.24012
6680.900000000001,4.041669037557984,-1.06258654113171,36.24012
6682.900000000001,4.04273526836635,-1.06477293319165,36.24012
6684.900000000001,4.043817410509653,-1.06477293319165,36.24012
6686.900000000001,4.044935735499966,-1.06258654113171,36.24131192830263
6688.900000000001,4.04594964091966,-1.06258654113171,36.24341
6690.900000000001,4.04689504461181,-1.0639836913598044,36.24341
6692.900000000001,4.047703995741813,-1.0633754601959011,36.2467
6694.900000000001,4.048423769052753,-1.06477293319165,36.2467
6696.900000000001,4.04928458008795,-1.06477293319165,36.25
6698.900000000001,4.050177653430255,-1.0633755756444314,36.25328
6700.900000000001,4.050986598055673,-1.0633754199616459,36.25328
6702.900000000001,4.051690289353535,-1.06477293319165,36.25328
6704.900000000001,4.052430712842041,-1.06477293319165,36.25
6706.900000000001,4.053203157109949,-1.06477293319165,36.25
6708.900000000001,4.05389103193371,-1.06477293319165,36.25
6710.900000000001,4.054458274149,-1.06477293319165,36.24341
6712.900000000001,4.05514637126262,-1.06477293319165,36.2467
6714.900000000001,4.05578183931801,-1.06477293319165,36.2467
6716.900000000001,4.05653816227172,-1.06477293319165,36.2467
6718.900000000001,4.056795466563395,-1.06477293319165,36.24341
6720.900000000001,4.057415330567271,-1.06477293319165,36.2467
6722.900000000001,4.058171662195223,-1.06477293319165,36.2467
6724.900000000001,4.05880713113288,-1.06477293319165,36.25
6726.900000000001,4.05937437334817,-1.06477293319165,36.25328
6728.900000000001,4.0600624440169355,-1.06258654113171,36.25328
6730.900000000001,4.060388026613566,-1.06477293319165,36.25657
6732.900000000001,4.061007875297167,-1.06477293319165,36.25986
6734.900000000001,4.0614542614709,-1.06258654113171,36.25986
6736.900000000001,4.061900938079541,-1.06477293319165,36.26315
6738.900000000001,4.06258874590148,-1.06477293319165,36.26315
6740.900000000001,4.0628986531833196,-1.06477293319165,36.26315
6742.900000000001,4.06353414959363,-1.06258654113171,36.26315
6744.900000000001,4.064049092298891,-1.06258654113171,36.26643
6746.900000000001,4.06454798526775,-1.06258654113171,36.26643
6748.900000000001,4.06485771476263,-1.06477293319165,36.26643
6750.900000000001,4.06523587623949,-1.06477293319165,36.26643
6752.900000000001,4.065871379193316,-1.063375858636925,36.26643
6754.900000000001,4.066233628838298,-1.0639823994921092,36.26643
6756.900000000001,4.06693760288536,-1.06477293319165,36.26973
6758.900000000001,4.06712668362379,-1.0639827757587959,36.26973
6760.900000000001,4.067814575032249,-1.06258654113171,36.27302
6762.900000000001,4.068192825939467,-1.06258654113171,36.2763
6764.900000000001,4.0683818446433,-1.06477293319165,36.2796
6766.900000000001,4.0689491483582385,-1.06258654113171,36.28288
6768.900000000001,4.069464006650753,-1.06477293319165,36.28288
6770.900000000001,4.069894407661875,-1.063980998919894,36.28288
6772.900000000001,4.070409398597871,-1.06477293319165,36.28288
6774.900000000001,4.070976723141968,-1.06477293319165,36.28029554957812
6776.900000000001,4.07128645986924,-1.06477293319165,36.28288
6778.900000000001,4.071922057875197,-1.06258654113171,36.2796
6780.900000000001,4.07223186356139,-1.06477293319165,36.2796
6782.900000000001,4.072489284253674,-1.06258654113171,36.28288
6784.900000000001,4.07310880780552,-1.06258654113171,36.28288
6786.900000000001,4.0735554287304,-1.06477293319165,36.28618
6788.900000000001,4.073865224560104,-1.063982402599509,36.28618
6790.900000000001,4.074243264645704,-1.06258654113171,36.28946
6792.900000000001,4.07487899389941,-1.06477293319165,36.28946
6794.900000000001,4.07525715537627,-1.06477293319165,36.28946
6796.900000000001,4.075325415074178,-1.06258654113171,36.28946
6798.900000000001,4.07601347832999,-1.06477293319165,36.29275
6800.900000000001,4.028346184721307,0.00010954769166672399,36.29275
6802.900000000001,4.024574066684912,0.0,36.29275
6804.900000000001,4.02210650989286,0.002076783890819973,36.29605
6806.900000000001,4.020225357309266,0.0020788168109923616,36.29605
6808.900000000001,4.01853293384735,0.0,36.29275
6810.900000000001,4.01739844941677,0.0,36.29605
6812.900000000001,4.016443594297804,0.0,36.29275
6814.900000000001,4.01550764203247,0.0,36.29275
6816.900000000001,4.014742043046516,0.0021863920599418,36.28618
6818.900000000001,4.01399499612503,0.0,36.28618
6820.900000000001,4.01304959243288,0.0,36.28288
6822.900000000001,4.012472891439046,0.00010937443167462098,36.2796
6824.900000000001,4.011546426073541,0.002076777464338049,36.2796
6826.900000000001,4.01115878504859,0.0,36.2796
6828.900000000001,4.0105915428333,0.0,36.2796
6830.900000000001,4.01022283222151,0.0021863920599418,36.2763
6832.900000000001,4.0096555869312445,0.0,36.27302
6834.900000000001,4.009258500098102,0.0,36.26973
6836.900000000001,4.008700735449,0.0,36.26643
6838.900000000001,4.00851165471057,0.00010954386474586319,36.26315
6840.900000000001,4.00794441249528,0.0021863920599418,36.25986
6842.900000000001,4.00756625101842,0.0,36.25986
6844.900000000001,4.00718808954156,0.0,36.255360212805314
6846.900000000001,4.006819155807178,0.0020796891612168754,36.252596767301775
6848.900000000001,4.0066113754785055,0.0,36.25
6850.900000000001,4.006422339734256,0.0,36.2467
6852.900000000001,4.00586452437255,0.0,36.24341
6854.900000000001,4.00586452437255,0.0,36.24324503960101
6856.900000000001,4.005306558111639,0.0020791316738681576,36.23683
6858.900000000001,4.005476901576023,0.002076988244583474,36.23355
6860.900000000001,4.004928594127462,0.00010954404774207378,36.23355
6862.900000000001,4.00473003994198,0.0,36.23025
6864.900000000001,4.00454095920355,0.0,36.23019484791663
6866.900000000001,4.00454095920355,0.0,36.22696
6868.900000000001,4.003983174189787,0.0,36.22368
6870.900000000001,4.0041533455149745,0.0,36.22038
6872.900000000001,4.003605015634092,0.0,36.2171
6874.900000000001,4.0035955555114,0.0,36.21052
6876.900000000001,4.003397212320282,0.0,36.21052
6878.900000000001,4.003397020739178,0.0,36.21052
6880.900000000001,4.003037768439548,0.0,36.20393
6882.900000000001,4.00302831329611,0.0,36.20065
6884.900000000001,4.002829753725431,0.00010960631811568873,36.19736
6886.900000000001,4.0026593811480335,0.0020796708183257635,36.19078
6888.900000000001,4.00265015181925,0.0,36.19078
6890.900000000001,4.002640710860215,0.00010916837983197472,36.19078
6892.900000000001,4.002281431489925,0.0,36.19078
6894.900000000001,4.002262526088381,0.00010943774596475647,36.19078
6896.900000000001,4.002262511192168,0.0,36.1875
6898.900000000001,4.00208290960396,0.00010919402272553597,36.1842
6900.900000000001,4.00189382886553,0.0,36.18091
6902.900000000001,4.00189382886553,0.0021863920599418,36.17433
6904.900000000001,4.001695269850562,0.0,36.17105
6906.900000000001,4.001524951040793,0.0,36.17105
6908.900000000001,4.001685825478969,0.0021863920599418,36.17105
6910.900000000001,4.001506192595292,0.002076832444387239,36.16775
6912.900000000001,4.00150618966461,0.0020767985561185817,36.16446
6914.900000000001,4.00113750591181,0.0001095596095739049,36.15788
6916.900000000001,4.001146981813124,0.00010957242691038709,36.1546
6918.900000000001,4.001317111936785,0.0,36.1513
6920.900000000001,4.001146980546268,0.0,36.150777559914324
6922.900000000001,4.000957902659043,0.002076801312763166,36.14802
6924.900000000001,4.001128037219696,0.0020769029949680036,36.1459301705167
6926.900000000001,4.00075934443495,0.0,36.14143
6928.900000000001,4.00075934443495,0.0,36.14126564270172
6930.900000000001,4.00075934443495,0.0,36.1379851167984
6932.900000000001,4.000579737063488,0.0,36.13469516365771
6934.900000000001,4.00057026369652,0.0021863920599418,36.13157
6936.900000000001,4.000560788903583,0.0021863920599418,36.13157
6938.900000000001,4.000390657750627,0.0021863920599418,36.13140513885284
6940.900000000001,4.000579738251245,0.0,36.13157
6942.900000000001,4.00038118295809,0.002076836125965386,36.12828
6944.900000000001,4.000012491758325,0.0020768846674005543,36.12828
6946.900000000001,4.0002110454664965,0.0,36.125
6948.900000000001,4.00000302148123,0.0021863920599418,36.125
6950.900000000001,4.000371708324177,0.00010955777161681131,36.1217
6952.900000000001,4.000182629011812,0.00010954128163849868,36.11512
6954.900000000001,4.000012493263521,0.0021863920599418,36.11183
6956.900000000001,3.999993549778645,0.0021863920599418,36.10855
6958.900000000001,4.00000302148123,0.0021863920599418,36.10855
6960.900000000001,3.9998234154560017,0.0021863920599418,36.10196
6962.900000000001,4.000182625922146,0.0020768150516592486,36.10196
6964.900000000001,3.9998139407428,0.0021863920599418,36.09868
6966.900000000001,4.00000302148123,0.0021863920599418,36.09868
6968.900000000001,3.9998139407428,0.0021863920599418,36.09538
6970.900000000001,3.9994452554842503,0.00010957609243543197,36.0888
6972.900000000001,3.9998234183072285,0.0021863920599418,36.08552
6974.900000000001,3.959961885257081,0.878929608096602,36.08552
6976.900000000001,3.95689261311925,0.87674321603666,36.08223
6978.900000000001,3.9552347805823582,0.87674321603666,36.07893
6980.900000000001,3.95330007908908,0.878929608096602,36.07893
6982.900000000001,3.952020409133078,0.87674321603666,36.07893
6984.900000000001,3.95065294875107,0.878929608096602,36.07565
6986.900000000001,3.9494610857782564,0.87674321603666,36.07236
6988.900000000001,3.9484278790078315,0.878929608096602,36.06907
6990.900000000001,3.94743857619776,0.878929608096602,36.06907
6992.900000000001,3.946405279462492,0.878929608096602,36.06907
6994.900000000001,3.945692955074869,0.878929608096602,36.06654376277459
6996.900000000001,3.9446462592308054,0.878929608096602,36.06578
6998.900000000001,3.9439912272121953,0.878929608096602,36.06578
7000.900000000001,3.9431336392019656,0.878929608096602,36.065018116150185
7002.900000000001,3.9421882819645875,0.878929608096602,36.0625
7004.900000000001,3.9416648637322673,0.878929608096602,36.0625
7006.900000000001,3.94100983109115,0.87674321603666,36.0625
7008.900000000001,3.940297400662059,0.878929608096602,36.0592
7010.900000000001,3.9393959174018613,0.878929608096602,36.0592
7012.900000000001,3.9387848277874395,0.878929608096602,36.0592
7014.900000000001,3.93836270075313,0.878929608096602,36.05591
7016.900000000001,3.93779545853785,0.878929608096602,36.05591
7018.900000000001,3.93722821632256,0.878929608096602,36.05591
7020.900000000001,3.9367622673620133,0.878929608096602,36.05262
7022.900000000001,3.935948605051016,0.878929608096602,36.05262
7024.900000000001,3.935293512027255,0.878929608096602,36.05262
7026.900000000001,3.9346249797266033,0.878929608096602,36.05262
7028.900000000001,3.93420292450768,0.878929608096602,36.05262
7030.900000000001,3.933969935675699,0.878929608096602,36.04933
7032.900000000001,3.933301483567605,0.878929608096602,36.04933
7034.900000000001,3.9325450923394087,0.878929608096602,36.04933
7036.900000000001,3.9321669285419936,0.878929608096602,36.04933
7038.900000000001,3.9318900606878384,0.878929608096602,36.04933
7040.900000000001,3.9311776326928,0.878929608096602,36.04933
7042.900000000001,3.930654341535965,0.878929608096602,36.04933
7044.900000000001,3.930276123478369,0.878929608096602,36.04933
7046.900000000001,3.92966498678537,0.878929608096602,36.04933
7048.900000000001,3.92947590604694,0.878929608096602,36.04933
7050.900000000001,3.92890866383165,0.878929608096602,36.04605
7052.900000000001,3.92834142161636,0.878929608096602,36.04605
7054.900000000001,3.9278619666590857,0.878929608096602,36.04275
7056.900000000001,3.9274838085785144,0.878929608096602,36.04275
7058.900000000001,3.9268726779679173,0.878929608096602,36.04275
7060.900000000001,3.9265957944924534,0.878929608096602,36.04275
7062.900000000001,3.9263054873917316,0.878929608096602,36.04275
7064.900000000001,3.92588337201677,0.878929608096602,36.04275
7066.900000000001,3.92550521053991,0.878929608096602,36.04275
7068.900000000001,3.92493796832462,0.878929608096602,36.04275
7070.900000000001,3.92455980684776,0.878929608096602,36.03946
7072.900000000001,3.9242255616770727,0.878929608096602,36.03946
7074.900000000001,3.92361440315561,0.878929608096602,36.03288
7076.900000000001,3.92342532241719,0.8772521861746957,36.03036355109559
7078.900000000001,3.923192347936282,0.87674321603666,36.0296
7080.900000000001,3.92266899946347,0.878929608096602,36.0296
7082.900000000001,3.9222469435084863,0.878929608096602,36.0296
7084.900000000001,3.92191267650975,0.87674321603666,36.0296
7086.900000000001,3.92134543429446,0.87674321603666,36.0296
7088.900000000001,3.9209672728176,0.878929608096602,36.03618
7090.900000000001,3.920545218079446,0.878929608096602,36.03618
7092.900000000001,3.92058911134074,0.87674321603666,36.03618
7094.900000000001,3.9198767188356247,0.87674321603666,36.03618
7096.900000000001,3.9193095582165642,0.8772521392943475,36.03618
7098.900000000001,3.9190764654333,0.87674321603666,36.03618
7100.900000000001,3.91850922321801,0.878929608096602,36.03288
7102.900000000001,3.9183640381746923,0.878929608096602,36.03288
7104.900000000001,3.9180871222234623,0.87674321603666,36.0296
7106.900000000001,3.917708841225344,0.87674321603666,36.0296
7108.900000000001,3.91714176113681,0.878929608096602,36.0263
7110.900000000001,3.91676359965973,0.878929608096602,36.0263
7112.900000000001,3.91624025435685,0.878929608096602,36.0263
7114.900000000001,3.9159059901602986,0.87674321603666,36.0263
7116.900000000001,3.9156289818768597,0.87674321603666,36.0263
7118.900000000001,3.9152509565537943,0.87674321603666,36.02302
7120.900000000001,3.91491668918785,0.87674321603666,36.01973
7122.900000000001,3.91434944697256,0.87674321603666,36.01973
7124.900000000001,3.9139712854957,0.878929608096602,36.01973
7126.900000000001,3.9134480549569544,0.878929608096602,36.02302
7128.900000000001,3.91321496254198,0.878929608096602,36.02302
7130.900000000001,3.912735511717661,0.878929608096602,36.0263
7132.900000000001,3.9123134783277544,0.878929608096602,36.0296
7134.900000000001,3.91189139737297,0.878929608096602,36.0296
7136.900000000001,3.911557260825707,0.878929608096602,36.0263
7138.900000000001,3.911222865811015,0.878929608096602,36.023781462450856
7140.900000000001,3.910800806572296,0.878929608096602,36.02553857338782
7142.900000000001,3.910422646793427,0.878929608096602,36.0263
7144.900000000001,3.90981150925024,0.878929608096602,36.0263
7146.900000000001,3.90943334777338,0.878929608096602,36.0296
7148.900000000001,3.90909908077566,0.878929608096602,36.0296
7150.900000000001,3.9087209189306016,0.878929608096602,36.0296
7152.900000000001,3.908342783076863,0.87674321603666,36.0296
7154.900000000001,3.90810978260438,0.87674321603666,36.028755366363676
7156.900000000001,3.90749864712679,0.878929608096602,36.025877677173604
7158.900000000001,3.90716437891223,0.878929608096602,36.02302
7160.900000000001,3.906742322107473,0.878929608096602,36.02302
7162.900000000001,3.9062628681146805,0.878929608096602,36.02302
7164.900000000001,3.9055065451607835,0.878929608096602,36.02302
7166.900000000001,3.9053613621841645,0.878929608096602,36.02302
7168.900000000001,3.90470632931264,0.878929608096602,36.02302
7170.900000000001,3.9044733533591875,0.878929608096602,36.02302
7172.900000000001,3.9039939052244055,0.878929608096602,36.02302
7174.900000000001,3.9037170311412224,0.878929608096602,36.02302
7176.900000000001,3.9030923964926396,0.878929608096602,36.02302
7178.900000000001,3.9024812573646863,0.878929608096602,36.02302
7180.900000000001,3.9021030946707227,0.878929608096602,36.02302
7182.900000000001,3.901724935627668,0.878929608096602,36.02302
7184.900000000001,3.9014480602143187,0.878929608096602,36.02302
7186.900000000001,3.90073563380562,0.878929608096602,36.02302
7188.900000000001,3.90035747232876,0.878929608096602,36.02302
7190.900000000001,3.8998341281301143,0.878929608096602,36.02302
7192.900000000001,3.899645047024114,0.878929608096602,36.01973
7194.900000000001,3.89884482642132,0.878929608096602,36.01643
7196.900000000001,3.89827758420603,0.878929608096602,36.01643
7198.900000000001,3.897754237319628,0.878929608096602,36.01643
7200.900000000001,3.897376075842412,0.878929608096602,36.01643
7202.900000000001,3.896910123340367,0.878929608096602,36.01643
7204.900000000001,3.8964306700844116,0.878929608096602,36.01643
7206.900000000001,3.8958634294541143,0.878929608096602,36.01315
7208.900000000001,3.8952961900400727,0.878929608096602,36.01315
7210.900000000001,3.934438331496036,-0.0016507090186826598,36.01315
7212.900000000001,3.9386452757581103,0.0,36.01315
7214.900000000001,3.9412928149965065,0.0021863920599418,36.00986
7216.900000000001,3.94290063847545,0.0016361603279115035,36.01232203212016
7218.900000000001,3.944365697570022,0.0,36.01315
7220.900000000001,3.94554776881347,0.0,36.01315
7222.900000000001,3.94668225324404,0.0,36.01315
7224.900000000001,3.9473909881988485,0.0,36.01315
7226.900000000001,3.9483363918906957,0.0,36.012321970033994
7228.900000000001,3.9489512221052,0.0,36.00986
7230.900000000001,3.9499442129989046,0.0,36.00986
7232.900000000001,3.9504160980281817,0.0,36.00986
7234.900000000001,3.951172602967256,0.0,36.00986
7236.900000000001,3.9516459428142143,0.0016360916425887705,36.00986
7238.900000000001,3.95235467539694,0.0,36.00657
7240.900000000001,3.9527328368738,0.0,36.00657
7242.900000000001,3.95330007908908,0.0,36.00657
7244.900000000001,3.953584337421311,0.0,36.00657
7246.900000000001,3.954339386723852,0.0,36.00328
7248.900000000001,3.95462364425809,0.0,36.00328
7250.900000000001,3.955238471691808,0.0005502408368237533,36.00328
7252.900000000001,3.9554278124534106,0.0,36.0
7254.900000000001,3.9559472094271,0.0,36.00328
7256.900000000001,3.9561838749954177,0.0005502363440278684,36.0
7258.900000000001,3.95651445164239,0.0,35.9967
7260.900000000001,3.95670353238082,0.0,35.9967
7262.900000000001,3.9573186060586707,0.0,35.99341
7264.900000000001,3.957318361409831,0.0,35.99012
7266.900000000001,3.9578380168114,0.0,35.99012
7268.900000000001,3.9580746855492643,0.0,35.99012
7270.900000000001,3.95821617828826,0.0,35.99012
7272.900000000001,3.9584530609388686,0.0,35.99012
7274.900000000001,3.95840525902669,0.0021863920599418,35.98683
7276.900000000001,3.9589249164117626,0.0,35.98683
7278.900000000001,3.95935066271884,0.0,35.98355
7280.900000000001,3.959445833954106,0.0,35.98025
7282.900000000001,3.95953974345727,0.0,35.97696
7284.900000000001,3.95991790493413,0.0,35.97696
7286.900000000001,3.9602484815808285,0.0,35.97696
7288.900000000001,3.960343652039087,0.0005502455739438178,35.97368
7290.900000000001,3.96043756113285,0.0005502500659593425,35.97368
7292.900000000001,3.960389981434525,0.0,35.97422860495097
7294.900000000001,3.9606266410737097,0.0,35.976270411669596
7296.900000000001,3.96086330862627,0.0,35.97368
7298.900000000001,3.9607694023136357,0.0,35.97696
7300.900000000001,3.9610048033484317,0.0,35.97368
7302.900000000001,3.96143055084156,0.0,35.97368
7304.900000000001,3.96143055084156,0.0,35.96792550606994
7306.900000000001,3.96143055084156,0.0005502181507127603,35.9638
7308.900000000001,3.96143055084156,0.0,35.96052
7310.900000000001,3.961667216809337,0.0,35.96052
7312.900000000001,3.96180871231842,0.0016361557063817806,35.96174727090334
7314.900000000001,3.96199779305685,0.0,35.9638
7316.900000000001,3.96218687379528,0.0,35.9638
7318.900000000001,3.9622807825001853,0.0021863920599418,35.9638
7320.900000000001,3.962328369304115,0.0005502409659552769,35.9638
7322.900000000001,3.96256503527214,0.0021863920599418,35.96052
7324.900000000001,3.96237595453371,0.0021863920599418,35.95723
7326.900000000001,3.9627065323657082,0.0021863920599418,35.96052
7328.900000000001,3.9627065288078596,0.0,35.95723
7330.900000000001,3.96275411601057,0.0021863920599418,35.95723
7332.900000000001,3.9628017032132528,0.0,35.95723
7334.900000000001,3.962990782377401,0.00163614648248328,35.95723
7336.900000000001,3.962990782765762,0.0021863920599418,35.95723
7338.900000000001,3.96332135822586,0.0005502774954707259,35.95393
7340.900000000001,3.96313227748743,0.0005502409672279351,35.95065
7342.900000000001,3.963273773793501,0.0005502317473019406,35.95065
7344.900000000001,3.96351043896429,0.0,35.94736
7346.900000000001,3.96332135822586,0.0,35.94736
7348.900000000001,3.96332135822586,0.0021863920599418,35.94407
7350.900000000001,3.9632750284227583,0.0016361694158250647,35.94407
7352.900000000001,3.96351043896429,0.0,35.94407
7354.900000000001,3.96369951970272,0.0,35.94078
7356.900000000001,4.031374230273138,-1.39273174218292,35.9375
7358.900000000001,4.035344926051253,-1.39273174218292,35.9375
7360.900000000001,4.03819733064404,-1.39273174218292,35.9375
7362.900000000001,4.040639186184544,-1.39273174218292,35.9375
7364.900000000001,4.042513797154164,-1.39273174218292,35.9375
7366.900000000001,4.04424791427379,-1.39273174218292,35.94078
7368.900000000001,4.04576056018123,-1.3925445256512714,35.94736
7370.900000000001,4.047446093039558,-1.39273174218292,35.94736
7372.900000000001,4.048612966223001,-1.3925444753894693,35.94736
7374.900000000001,4.05009322047914,-1.39273174218292,35.95065
7376.900000000001,4.05124390159569,-1.39273174218292,35.9536953121687
7378.900000000001,4.052740352401867,-1.39273174218292,35.95723
7380.900000000001,4.053685757543241,-1.39273174218292,35.96351908731091
7382.900000000001,4.05483643562586,-1.39273174218292,35.966817392606956
7384.900000000001,4.055954724684099,-1.39273174218292,35.97038
7386.900000000001,4.056932516358954,-1.39273174218292,35.97368
7388.900000000001,4.058034617560204,-1.39273174218292,35.97696
7390.900000000001,4.059358182593855,-1.39273174218292,35.98355
7392.900000000001,4.059957809623105,-1.39273174218292,35.99012
7394.900000000001,4.06088701925561,-1.39273174218292,35.99341
7396.900000000001,4.06202150368619,-1.3925445088946566,35.99341
7398.900000000001,4.062950715038948,-1.39273174218292,35.9967
7400.900000000001,4.06353414959363,-1.39273174218292,36.0
7402.900000000001,4.064463363708599,-1.3925445376941223,36.0
7404.900000000001,4.065441150901675,-1.39273174218292,36.00328
7406.900000000001,4.066197476481984,-1.39273174218292,36.00657
7408.900000000001,4.06693760288536,-1.39054535012298,36.01315
7410.900000000001,4.06788300657751,-1.39273174218292,36.01973
7412.900000000001,4.068623138776264,-1.39273174218292,36.02302
7414.900000000001,4.06939565248495,-1.3907326399513207,36.0296
7416.900000000001,4.06996289470024,-1.39273174218292,36.0296
7418.900000000001,4.071065000791283,-1.39273174218292,36.03618
7420.900000000001,4.0716646213461,-1.39273174218292,36.04275
7422.900000000001,4.072437136775146,-1.3925445041819575,36.04275
7424.900000000001,4.072971992726898,-1.3925444890007073,36.04933
7426.900000000001,4.073728318713854,-1.39273174218292,36.05591
7428.900000000001,4.074517024626186,-1.39273174218292,36.0592
7430.900000000001,4.075240961859272,-1.39273174218292,36.06578
7432.900000000001,4.07620255906842,-1.39273174218292,36.06907
7434.900000000001,4.076753604326142,-1.39273174218292,36.07236
7436.900000000001,4.07752612423743,-1.39273174218292,36.07236
7438.900000000001,4.07809336645272,-1.39273174218292,36.07565
7440.900000000001,4.078833497338222,-1.39273174218292,36.08223
7442.900000000001,4.07960601236015,-1.39054535012298,36.08552
7444.900000000001,4.08017325457544,-1.390732589691889,36.0921
7446.900000000001,4.080756690579593,-1.39273174218292,36.09868
7448.900000000001,4.08168590048288,-1.39054535012298,36.10196
7450.900000000001,4.08206406195974,-1.3925445240722953,36.10525
7452.900000000001,4.08282038491346,-1.39273174218292,36.11173580516993
7454.900000000001,4.0834200094531035,-1.3907325729396378,36.11183
7456.900000000001,4.084489720812139,-1.39273174218292,36.11493156292171
7458.900000000001,4.08490027303619,-1.39054535012298,36.118174499750616
7460.900000000001,4.08546751525148,-1.39273174218292,36.12141825842247
7462.900000000001,4.0862400308162705,-1.3907325896937066,36.1217
7464.900000000001,4.086963970132319,-1.39273174218292,36.12799913285478
7466.900000000001,4.087720293357104,-1.3925445240684773,36.13157
7468.900000000001,4.088460425555959,-1.39273174218292,36.134578281274784
7470.900000000001,4.08868188780478,-1.39273174218292,36.13786827890801
7472.900000000001,4.08962729149693,-1.3925445392586977,36.14143
7474.900000000001,4.09019453371222,-1.39273174218292,36.14473
7476.900000000001,4.09095085666594,-1.39273174218292,36.14802
7478.900000000001,4.09150190681259,-1.3925445088845847,36.1513
7480.900000000001,4.09210153316539,-1.39054535012298,36.1546
7482.900000000001,4.0926363925564475,-1.39273174218292,36.16118
7484.900000000001,4.09359798700395,-1.39273174218292,36.16446
7486.900000000001,4.09416522921924,-1.390732618503642,36.16775
7488.900000000001,4.09473247143453,-1.39273174218292,36.17105
7490.900000000001,4.095504985008407,-1.39273174218292,36.17433
7492.900000000001,3.9850922463919285,0.946707761954797,36.17762
7494.900000000001,3.97828520699783,0.946707761954797,36.18091
7496.900000000001,3.97390987957793,0.946707761954797,36.1842
7498.900000000001,3.9703305791810366,0.946707761954797,36.1842
7500.900000000001,3.967116205486986,0.946707761954797,36.1842
7502.900000000001,3.96464492339487,0.946707761954797,36.1875
7504.900000000001,3.9622001089024423,0.946707761954797,36.1875
7506.900000000001,3.9597552855682974,0.946707761954797,36.19078
7508.900000000001,3.95802709754983,0.946707761954797,36.19078
7510.900000000001,3.95632537090396,0.946707761954797,36.19078
7512.900000000001,3.9542719532184933,0.946707761954797,36.1875
7514.900000000001,3.9530977604068913,0.946707761954797,36.1875
7516.900000000001,3.95122019096636,0.946707761954797,36.1875
7518.900000000001,3.949909859320051,0.946707761954797,36.1875
7520.900000000001,3.94857306062834,0.946707761954797,36.1842
7522.900000000001,3.9472362631886577,0.946707761954797,36.18091
7524.900000000001,3.9455742329121946,0.946707761954797,36.17762
7526.900000000001,3.94460236512132,0.946707761954797,36.17762
7528.900000000001,3.943292036533474,0.946707761954797,36.17433
7530.900000000001,3.942346627501137,0.946707761954797,36.17433
7532.900000000001,3.94119891182958,0.946707761954797,36.17105
7534.900000000001,3.94025350813743,0.946707761954797,36.17105
7536.900000000001,3.93911902370685,0.946707761954797,36.16775
7538.900000000001,3.93836270075313,0.946707761954797,36.16775
7540.900000000001,3.93741729706099,0.946707761954797,36.16446
7542.900000000001,3.93629604784897,0.946707761954797,36.16465179372344
7544.900000000001,3.93552648967669,0.946707761954797,36.16446
7546.900000000001,3.934594318367047,0.946707761954797,36.16446
7548.900000000001,3.93382476303082,0.946707761954797,36.158110863834686
7550.900000000001,3.9332442900177886,0.946707761954797,36.1546
7552.900000000001,3.9323253521201678,0.946707761954797,36.1513
7554.900000000001,3.93155579416966,0.946707761954797,36.14802
7556.900000000001,3.9305971596795657,0.946707761954797,36.14802
7558.900000000001,3.93004314826223,0.946707761954797,36.14802
7560.900000000001,3.9293132894081615,0.946707761954797,36.14802
7562.900000000001,3.928732813668966,0.946707761954797,36.14802
7564.900000000001,3.9279632601395,0.946707761954797,36.14802
7566.900000000001,3.9272201708205516,0.944521369894855,36.14802
7568.900000000001,3.92682877570892,0.944521369894855,36.14802
7570.900000000001,3.926059220261573,0.946707761954797,36.14802
7572.900000000001,3.92569429127834,0.946707761954797,36.14473
7574.900000000001,3.9247753614156533,0.946707761954797,36.14473
7576.900000000001,3.92437072610933,0.946707761954797,36.13815
7578.900000000001,3.923438559331921,0.946707761954797,36.13486
7580.900000000001,3.92323624167876,0.946707761954797,36.13486
7582.900000000001,3.92247991872504,0.946707761954797,36.13157
7584.900000000001,3.9217368296279083,0.946707761954797,36.12828
7586.900000000001,3.921371907681275,0.946707761954797,36.12828
7588.900000000001,3.9211430958923175,0.946707761954797,36.125
7590.900000000001,3.92040003060231,0.946707761954797,36.125
7592.900000000001,3.919683418392808,0.946707761954797,36.125
7594.900000000001,3.9190764654333,0.946707761954797,36.12828
7596.900000000001,3.91869830395644,0.946707761954797,36.125
7598.900000000001,3.9183068813932542,0.946707761954797,36.12828
7600.900000000001,3.9179148069144762,0.946707761954797,36.125
7602.900000000001,3.917185658049,0.946707761954797,36.125
7604.900000000001,3.91680749657214,0.946707761954797,36.125
7606.900000000001,3.916253489798032,0.946707761954797,36.1217
7608.900000000001,3.915835583397077,0.946707761954797,36.1217
7610.900000000001,3.91529485066471,0.946707761954797,36.1217
7612.900000000001,3.91472760844942,0.946707761954797,36.1217
7614.900000000001,3.91416036623413,0.946707761954797,36.1217
7616.900000000001,3.9137958065161818,0.946707761954797,36.1217
7618.900000000001,3.913039141945614,0.946707761954797,36.1217
7620.900000000001,3.913012292936394,0.946707761954797,36.1217
7622.900000000001,3.9122827924848216,0.946707761954797,36.11841
7624.900000000001,3.9118781620421044,0.946707761954797,36.11535029441766
7626.900000000001,3.9115000004546054,0.946707761954797,36.11183
7628.900000000001,3.9109592516789897,0.946707761954797,36.10855
7630.900000000001,3.9107432923336716,0.946707761954797,36.10855
7632.900000000001,3.90981150925024,0.946707761954797,36.10525
7634.900000000001,3.909609169511469,0.946707761954797,36.10831859249922
7636.900000000001,3.9090684172059573,0.946707761954797,36.10855
7638.900000000001,3.9085144147431907,0.946707761954797,36.10855
7640.900000000001,3.9079339687743544,0.946707761954797,36.10525
7642.900000000001,3.9075562704286244,0.946707761954797,36.10525
7644.900000000001,3.907151143691955,0.946707761954797,36.102462201232086
7646.900000000001,3.90659713669694,0.946707761954797,36.10196
7648.900000000001,3.9060431281171994,0.946707761954797,36.09868
7650.900000000001,3.905827546751217,0.946707761954797,36.09868
7652.900000000001,3.9050844907895,0.946707761954797,36.09538
7654.900000000001,3.904693094203788,0.946707761954797,36.09538
7656.900000000001,3.9041258559659524,0.946707761954797,36.09538
7658.900000000001,3.9037476888155846,0.946707761954797,36.09538
7660.900000000001,3.903180415493315,0.946707761954797,36.09538
7662.900000000001,3.90262644118991,0.946707761954797,36.09538
7664.900000000001,3.90205919897462,0.946707761954797,36.0921
7666.900000000001,3.9013028760209,0.946707761954797,36.09538
7668.900000000001,3.90073563380562,0.946707761954797,36.09538
7670.900000000001,3.8999925643924427,0.946707761954797,36.09538
7672.900000000001,3.899965709206517,0.946707761954797,36.09538
7674.900000000001,3.8990603906332106,0.946707761954797,36.09868
7676.900000000001,3.89865574568289,0.946707761954797,36.09868
7678.900000000001,3.8980752667732967,0.946707761954797,36.09868
7680.900000000001,3.897508027616658,0.946707761954797,36.09538
7682.900000000001,3.896778173630116,0.946707761954797,36.09538
7684.900000000001,3.89638677682173,0.946707761954797,36.0921
7686.900000000001,3.89544137312958,0.946707761954797,36.0921
7688.900000000001,3.89506321165272,0.946707761954797,36.0888
7690.900000000001,3.8941045728510972,0.946707761954797,36.08552
7692.900000000001,3.89392872722215,0.946707761954797,36.08552
7694.900000000001,3.8929965642988953,0.946707761954797,36.08552
7696.900000000001,3.8924028518782317,0.946707761954797,36.08552
7698.900000000001,3.89184883909942,0.946707761954797,36.08223
7700.900000000001,3.8911057500034993,0.946707761954797,36.08552
7702.900000000001,3.89052527393041,0.946707761954797,36.08223
7704.900000000001,3.889606389905454,0.946707761954797,36.08242215042398
7706.900000000001,3.88939078949983,0.946707761954797,36.08223
7708.900000000001,3.88863446654611,0.946707761954797,36.08223
7710.900000000001,3.88787814359239,0.946707761954797,36.08223
7712.900000000001,3.8873109013771,0.946707761954797,36.07893
7714.900000000001,3.886567817891667,0.946707761954797,36.07565
7716.900000000001,3.8861631845621445,0.944521369894855,36.07236
7718.900000000001,3.8855959395105883,0.944521369894855,36.06907
7720.900000000001,3.88466377103909,0.946707761954797,36.066512472301284
7722.900000000001,3.8839206862539846,0.946707761954797,36.06578
7724.900000000001,3.883353447114479,0.946707761954797,36.06578
7726.900000000001,3.8831378911624914,0.946707761954797,36.06628220480518
7728.900000000001,3.88239480217793,0.946707761954797,36.06907
7730.900000000001,3.88144939848578,0.946707761954797,36.06907
7732.900000000001,3.881058004402812,0.946707761954797,36.06907
7734.900000000001,3.880679812996241,0.946707761954797,36.06578
7736.900000000001,3.87976126896955,0.944521369894855,36.06578
7738.900000000001,3.879017822053668,0.946707761954797,36.0625
7740.900000000001,3.8786264196830476,0.946707761954797,36.0625
7742.900000000001,3.8782482585386036,0.944521369894855,36.0625
7744.900000000001,3.8774919539482475,0.946707761954797,36.0592
7746.900000000001,3.92304716094033,0.0006803556749167836,36.05591
7748.900000000001,3.926391776096612,0.0021863920599418,36.0592
7750.900000000001,3.92815234087793,0.0021863920599418,36.05591
7752.900000000001,3.93004314826223,0.0021863920599418,36.0592
7754.900000000001,3.93155579416966,0.0021863920599418,36.0592
7756.900000000001,3.9327491179323992,0.0015060168418546895,36.0625
7758.900000000001,3.93382476303082,0.0006803923275658728,36.0625
7760.900000000001,3.9348290059497684,0.0006803739997706603,36.0625
7762.900000000001,3.93590465115355,0.0021863920599418,36.0625
7764.900000000001,3.936791214139386,0.0006803911078111897,36.0592
7766.900000000001,3.93760637779942,0.0,36.0592
7768.900000000001,3.9386820234963182,0.0006803682976123904,36.0592
7770.900000000001,3.9391778701537907,0.0015059345716991726,36.0592
7772.900000000001,3.939934183704732,0.0021863920599418,36.0592
7774.900000000001,3.9405728303874574,0.0021863920599418,36.0592
7776.900000000001,3.941329152847727,0.0,36.05591
7778.900000000001,3.942026638054098,0.0015060237606607492,36.05262
7780.900000000001,3.94233339626016,0.0021863920599418,36.04933
7782.900000000001,3.94290063847545,0.0021863920599418,36.04605
7784.900000000001,3.9435267215023946,0.0006803923258971846,36.04605
7786.900000000001,3.944165365403403,0.0021863920599418,36.049158850718214
7788.900000000001,3.944732607125748,0.0,36.04933
7790.900000000001,3.9454889316640425,0.0,36.046560326571935
7792.900000000001,3.94535868807504,0.0006803980344987734,36.04519420902401
7794.900000000001,3.945795690962022,0.0015059928136877503,36.04275
7796.900000000001,3.94630409176718,0.0006803626035237209,36.04048378388881
7798.900000000001,3.946942734293885,0.0,36.040483818206155
7800.900000000001,3.9471192597612843,0.0,36.03946
7802.900000000001,3.9474974137350176,0.0006803544631491789,36.03288
7804.900000000001,3.94762765693619,0.0006803740061338986,36.03288
7806.900000000001,3.948325138584537,0.0021863920599418,36.0296
7808.900000000001,3.94857306062834,0.0021863920599418,36.0296
7810.900000000001,3.9489512221052,0.001506006647874087,36.02846346505985
7812.900000000001,3.9492705438614957,0.0,36.0263
7814.900000000001,3.9493882228095187,0.0015060180525352535,36.02302
7816.900000000001,3.9494596249874916,0.0006803752277874614,36.02302
7818.900000000001,3.94989662579735,0.0015060420797053666,36.01973
7820.900000000001,3.95008570653578,0.0006803569042708954,36.01973
7822.900000000001,3.950535267126689,0.0,36.02302
7824.900000000001,3.95065294875107,0.0,36.01973
7826.900000000001,3.9508420294895,0.0021863920599418,36.01973
7828.900000000001,3.9510899500538925,0.0021863920599418,36.01315
7830.900000000001,3.9515395126169617,0.0021863920599418,36.01315
7832.900000000001,3.95159835244322,0.000680384197209486,36.01315
7834.900000000001,3.9518462703316697,0.0021863920599418,36.00986
7836.900000000001,3.9521067559235785,0.0021863920599418,36.00986
7838.900000000001,3.95216559465851,0.0021863920599418,36.00657
7840.900000000001,3.9527328368738,0.0006805976845059136,36.00328
7842.900000000001,3.95254375613537,0.0021863920599418,36.00328
7844.900000000001,3.9526025937786327,0.001506036371025892,36.00328
7846.900000000001,3.953182403802807,0.0,36.0
7848.900000000001,3.95292191761223,0.0021863920599418,36.0
7850.900000000001,3.95348915982751,0.0006803809361867813,36.0
7852.900000000001,3.95330007908908,0.0015059997227598388,36.0
7854.900000000001,3.9533589220848127,0.0006804175809817907,36.0
7856.900000000001,3.9537370788076087,0.001506029451496727,35.9967
7858.900000000001,3.9540564020428,0.0021863920599418,35.99341
7860.900000000001,3.9539261579618077,0.0021863920599418,35.99012
7862.900000000001,3.95424548278123,0.0015060054260062391,35.98683
7864.900000000001,3.95424548278123,0.0021863920599418,35.98355
7866.900000000001,3.95443456351966,0.0,35.98355
7868.900000000001,3.954304322995632,0.001506006640238073,35.98025
7870.900000000001,3.95462364425809,0.0021863920599418,35.98025
7872.900000000001,3.95462364425809,0.0006803923386236614,35.97696
7874.900000000001,3.954682485176311,0.0021863920599418,35.97696
7876.900000000001,3.95481272499652,0.0021863920599418,35.97696
7878.900000000001,3.9551320467518862,0.0021863920599418,35.97696
7880.900000000001,3.9550606434841638,0.0006803569140558111,35.97696
7882.900000000001,3.9555102077358377,0.0,35.97368
7884.900000000001,3.9551320456601844,0.0,35.97038
7886.900000000001,3.955249726299893,0.0,35.97038
7888.900000000001,3.95556904795024,0.0,35.97038
7890.900000000001,3.95556904795024,0.0021863920599418,35.9671
7892.900000000001,3.9558169689032923,0.0021863920599418,35.96634231004502
7894.900000000001,3.9558883686137944,0.0,35.9638
7896.900000000001,3.9558169705931774,0.0,35.9638
7898.900000000001,3.9559472094271,0.0021863920599418,35.9638
7900.900000000001,3.9559472094271,0.0021863920599418,35.9638
7902.900000000001,3.95613629016553,0.0015059826092254675,35.96052
7904.900000000001,3.956195132563692,0.0006804106711134242,35.96052
7906.900000000001,3.95632537090396,0.0006804232895304071,35.96052
7908.900000000001,3.95613629016553,0.0021863920599418,35.95723
7910.900000000001,3.9564556088565905,0.0021863920599418,35.95723
7912.900000000001,3.956384215379699,0.0015059573652468521,35.95393
7914.900000000001,3.956833768538027,0.0021863920599418,35.95065
7916.900000000001,3.9565732936523004,0.0006804061816501918,35.95065
7918.900000000001,3.9567749263502527,0.0021863920599418,35.95065
7920.900000000001,3.95670353238082,0.0006804220745514754,35.95065
7922.900000000001,3.9567623752721635,0.0,35.95065
7924.900000000001,3.95689261311925,0.0015059813862830804,35.94736
7926.900000000001,3.95689261311925,0.0,35.94736
7928.900000000001,3.9072218270205847,1.04290901259224,35.94407
7930.900000000001,3.9026021203560486,1.04290901259224,35.94078
7932.900000000001,3.8995759074228786,1.04196175634503,35.9375
7934.900000000001,3.896846858378475,1.04290901259224,35.9375
7936.900000000001,3.89468505017586,1.04290901259224,35.9375
7938.900000000001,3.89241608131471,1.04290901259224,35.94078
7940.900000000001,3.8904183967374952,1.04290901259224,35.9375
7942.900000000001,3.8885273036162866,1.04290901259224,35.9375
7944.900000000001,3.8866364982919523,1.04290901259224,35.9375
7946.900000000001,3.885312933757162,1.04290901259224,35.9375
7948.900000000001,3.88371836734694,1.04290901259224,35.9375
7950.900000000001,3.8821810912148624,1.04290901259224,35.9342
7952.900000000001,3.88088215627049,1.04290901259224,35.9342
7954.900000000001,3.8796152747232178,1.04290901259224,35.9342
7956.900000000001,3.87804594519405,1.04290901259224,35.9342
7958.900000000001,3.8769936244042054,1.04290901259224,35.9342
7960.900000000001,3.87558789559446,1.04290901259224,35.93606525411528
7962.900000000001,3.87445341116388,1.04290901259224,35.9375
7964.900000000001,3.87312984599487,1.04290901259224,35.9375
7966.900000000001,3.8720772786866022,1.04290901259224,35.9375
7968.900000000001,3.871156875452239,1.04290901259224,35.9375
7970.900000000001,3.86980857597219,1.04290901259224,35.9375
7972.900000000001,3.8690519909392895,1.04290901259224,35.9375
7974.900000000001,3.868049911600939,1.04290901259224,35.9342
7976.900000000001,3.8671611810721465,1.04290901259224,35.9342
7978.900000000001,3.8664050643932515,1.04290901259224,35.9342
7980.900000000001,3.865459748472755,1.04290901259224,35.93091
7982.900000000001,3.86472837432167,1.04290901259224,35.93091
7984.900000000001,3.863782969308047,1.04290901259224,35.9342
7986.900000000001,3.8628375692086654,1.04290901259224,35.93091
7988.900000000001,3.862138378908796,1.04290901259224,35.93091
7990.900000000001,3.8614889988656023,1.04290901259224,35.93091
7992.900000000001,3.8608648435397646,1.04290901259224,35.93091
7994.900000000001,3.8601651905810894,1.04290901259224,35.9342
7996.900000000001,3.85913787135107,1.04290901259224,35.93091
7998.900000000001,3.85894879061264,1.04290901259224,35.9342
8000.900000000001,3.858110549374796,1.04290901259224,35.9342
8002.900000000001,3.857410896416403,1.04072262053229,35.9342
8004.900000000001,3.856761736602974,1.04290901259224,35.9342
8006.900000000001,3.85630166027463,1.0416697906628725,35.9342
8008.900000000001,3.8556272530710434,1.04290901259224,35.9375
8010.900000000001,3.85497809510562,1.04290901259224,35.9375
8012.900000000001,3.85441085289033,1.04290901259224,35.94078
8014.900000000001,3.85403269141347,1.04290901259224,35.9375
8016.900000000001,3.853547363203579,1.04290901259224,35.9375
8018.900000000001,3.8529234616102674,1.0416698034960117,35.9375
8020.900000000001,3.852627210231245,1.04290901259224,35.9342
8022.900000000001,3.851845638989113,1.04290901259224,35.9342
8024.900000000001,3.85138556107545,1.04290901259224,35.9375
8026.900000000001,3.850711150965866,1.04290901259224,35.9375
8028.900000000001,3.8503329899119776,1.04290901259224,35.9375
8030.900000000001,3.849791000950878,1.04072262053229,35.9375
8032.900000000001,3.8494128360928075,1.0416698560259527,35.94078
8034.900000000001,3.848820345800992,1.04290901259224,35.94078
8036.900000000001,3.848656517893458,1.04290901259224,35.94078
8038.900000000001,3.84798210778372,1.04290901259224,35.94220531263879
8040.900000000001,3.84760394630686,1.04290901259224,35.94078
8042.900000000001,3.84703670409157,1.04290901259224,35.9375
8044.900000000001,3.84665854261471,1.04290901259224,35.9375
8046.900000000001,3.84646946187628,1.04290901259224,35.9375
8048.900000000001,3.84590221966099,1.04290901259224,35.9375
8050.900000000001,3.8454421414838986,1.04290901259224,35.9375
8052.900000000001,3.845227813830585,1.04290901259224,35.93780605101632
8054.900000000001,3.84476773523041,1.04290901259224,35.94078
8056.900000000001,3.8446039081682537,1.04290901259224,35.9375
8058.900000000001,3.8439042470768996,1.04290901259224,35.94078
8060.900000000001,3.84363325079983,1.04290901259224,35.94078
8062.900000000001,3.84325508932297,1.04290901259224,35.94078
8064.900000000001,3.8429588426985695,1.04290901259224,35.94407
8066.900000000001,3.84268784710768,1.04290901259224,35.94736
8068.900000000001,3.84184961019983,1.041669813886926,35.94736
8070.900000000001,3.8418496058687457,1.04290901259224,35.94736
8072.900000000001,3.8414461965793136,1.04290901259224,35.94736
8074.900000000001,3.84117520120025,1.04290901259224,35.95065
8076.900000000001,3.8405260463521516,1.04290901259224,35.95065
8078.900000000001,3.840204540136137,1.04290901259224,35.95065
8080.900000000001,3.84004071676967,1.04290901259224,35.95065
8082.900000000001,3.8393663105165157,1.04290901259224,35.95065
8084.900000000001,3.8393096444257644,1.0419618064004297,35.95065
8086.900000000001,3.83890623233909,1.04290901259224,35.95393
8088.900000000001,3.83852807086223,1.04290901259224,35.95393
8090.900000000001,3.8384209068246444,1.04290901259224,35.95723
8092.900000000001,3.83796082864694,1.04290901259224,35.96052
8094.900000000001,3.837689833742189,1.04290901259224,35.96052
8096.900000000001,3.8371792533906404,1.04290901259224,35.96052
8098.900000000001,3.8373115631769745,1.04290901259224,35.96052
8100.900000000001,3.83663726347793,1.04290901259224,35.9638
8102.900000000001,3.8364481827395,1.04290901259224,35.96052
8104.900000000001,3.83607002126264,1.04290901259224,35.96052
8106.900000000001,3.83588094052421,1.04290901259224,35.96052
8108.900000000001,3.83531369830892,1.04072262053229,35.95723
8110.900000000001,3.83531369830892,1.04290901259224,35.95723
8112.900000000001,3.8348283707348862,1.04290901259224,35.95723
8114.900000000001,3.83455737535521,1.04290901259224,35.95723
8116.900000000001,3.83417921387835,1.04290901259224,35.95723
8118.900000000001,3.83380105240149,1.04290901259224,35.96052
8120.900000000001,3.83380105240149,1.04290901259224,35.96237899945109
8122.900000000001,3.83342289092463,1.041670944904743,35.962377334779696
8124.900000000001,3.833019477569553,1.04290901259224,35.9638
8126.900000000001,3.83285564870934,1.04290901259224,35.9671
8128.900000000001,3.8323704639712886,1.04290901259224,35.97038
8130.900000000001,3.83209932575562,1.04290901259224,35.97038
8132.900000000001,3.8318031533419585,1.04290901259224,35.97038
8134.900000000001,3.831639251221586,1.04290901259224,35.96913874600501
8136.900000000001,3.83153208354033,1.04290901259224,35.9671
8138.900000000001,3.831071879110516,1.04290901259224,35.9671
8140.900000000001,3.830693845945268,1.04290901259224,35.9671
8142.900000000001,3.8304795149128354,1.04290901259224,35.9671
8144.900000000001,3.83039759910975,1.04290901259224,35.9671
8146.900000000001,3.82983035689446,1.04290901259224,35.9671
8148.900000000001,3.8295342475935437,1.04290901259224,35.97038
8150.900000000001,3.829181198664348,1.04290901259224,35.97038
8152.900000000001,3.82918114074343,1.04290901259224,35.97038
8154.900000000001,3.8287777886903034,1.04290901259224,35.97368
8156.900000000001,3.82850679172545,1.04290901259224,35.97696
8158.900000000001,3.8282106638307103,1.04290901259224,35.97696
8160.900000000001,3.827725395536902,1.04290901259224,35.97696
8162.900000000001,3.82756138803331,1.04290901259224,35.97696
8164.900000000001,3.8275361338327443,1.04290901259224,35.97368
8166.900000000001,3.82701939991552,1.04290901259224,35.97368
8168.900000000001,3.82680506507959,1.04290901259224,35.97368
8170.900000000001,3.826401781935222,1.04290901259224,35.97368
8172.900000000001,3.8261307233587165,1.04290901259224,35.97696
8174.900000000001,3.8261306583529353,1.04290901259224,35.97696
8176.900000000001,3.82585966138744,1.04290901259224,35.97368
8178.900000000001,3.8255885413483948,1.04290901259224,35.97696
8180.900000000001,3.825210504953458,1.04290901259224,35.97696
8182.900000000001,3.825021366349125,1.04290901259224,35.98025
8184.900000000001,3.824618010174129,1.04290901259224,35.98025
8186.900000000001,3.8246432634243512,1.0416698090114929,35.98355
8188.900000000001,3.824239976796869,1.04290901259224,35.98355
8190.900000000001,3.8240508075164974,1.04290901259224,35.98355
8192.9,3.82377977326471,1.04072262053229,35.98355
8194.9,3.82340161178785,1.04290901259224,35.98025
8196.9,3.823294444370327,1.04290901259224,35.98355
8198.9,3.822941389658163,1.04290901259224,35.98025
8200.9,3.82264528883413,1.04290901259224,35.98025
8202.9,3.8225633160067454,1.04290901259224,35.98355
8204.9,3.82207804661884,1.04072262053229,35.98355
8206.9,3.8217818018440366,1.04290901259224,35.98683
8208.9,3.82151080440355,1.04290901259224,35.98683
8210.9,3.82151080440355,1.0419617874634164,35.99012
8212.9,3.82113264292669,1.04290901259224,35.99341
8214.9,3.82075448144983,1.0416697955833125,35.99012
8216.9,3.82075448144983,1.0416698273397704,35.99012
8218.9,3.820269295065009,1.0416714544415482,35.99341
8220.9,3.81999815849612,1.04290901259224,35.991545293369796
8222.9,3.819537993986889,1.0416708439227609,35.99341
8224.9,3.8195380816902484,1.04290901259224,35.99216310461193
8226.9,3.819349002061318,1.04290901259224,35.99247481877698
8228.9,3.818970711581031,1.04290901259224,35.99012
8230.9,3.81886367406554,1.04290901259224,35.99012
8232.9,3.818567471192413,1.0416703301823307,35.99012
8234.9,3.9196171528869534,-1.13255108704985,35.99341
8236.9,3.926018276975899,-1.1331775363364769,35.99356472184562
8238.9,3.9308534563265853,-1.13473747910979,35.9967
8240.9,3.93439200524611,-1.13473747910979,36.0
8242.9,3.93722821632256,-1.13473747910979,36.00328
8244.9,3.9396055335732325,-1.13473747910979,36.00986
8246.9,3.942198489716271,-1.13473747910979,36.01643
8248.9,3.9444672898992903,-1.13255108704985,36.02302
8250.9,3.9467364224447503,-1.133177460266446,36.0296
8252.9,3.9486271341190498,-1.13255108704985,36.03618
8254.9,3.9505719071516796,-1.13255108704985,36.03946
8256.9,3.95254375613537,-1.13473747910979,36.04275
8258.9,3.9543803854790616,-1.13473747910979,36.04933
8260.9,3.9560013856602216,-1.13255108704985,36.05262
8262.9,3.9575140279441805,-1.1331774996848318,36.05591
8264.9,3.9592157550443154,-1.13255108704985,36.05591
8266.9,3.960971659275925,-1.13255108704985,36.0625
8268.9,3.9625384886549395,-1.13473747910979,36.06578
8270.9,3.964510018203889,-1.13473747910979,36.06907
8272.9,3.9658334224086147,-1.13473747910979,36.07565
8274.9,3.96742700768531,-1.13473747910979,36.07893
8276.9,3.969047952988123,-1.13473747910979,36.08223
8278.9,3.970371523133984,-1.13473747910979,36.0888
8280.9,3.972153980322609,-1.13473747910979,36.09538
8282.9,3.9737749605953803,-1.13473747910979,36.09868
8284.9,3.9749635051254235,-1.13255108704985,36.10196
8286.9,3.976611182525282,-1.13473747910979,36.10525
8288.9,3.9781238338635383,-1.13473747910979,36.10855
8290.9,3.979312486825721,-1.13473747910979,36.11512
8292.9,3.981230020593937,-1.13473747910979,36.11841
8294.9,3.9825268657178343,-1.13473747910979,36.125
8296.9,3.984228590102283,-1.13473747910979,36.131177585742286
8298.9,3.985821966099,-1.13473747910979,36.13157
8300.9,3.9872804403053244,-1.13473747910979,36.13486
8302.9,3.988712027908206,-1.13473747910979,36.13815
8304.9,3.99017082308288,-1.13473747910979,36.14143
8306.9,3.99168346899032,-1.13473747910979,36.14473
8308.9,3.9928721285140343,-1.13473747910979,36.14473
8310.9,3.99433059932834,-1.13473747910979,36.14802
8312.9,3.99565416449735,-1.13473747910979,36.1513
8314.9,3.9966537430597833,-1.13473747910979,36.1513
8316.9,3.9979231333585,-1.13473747910979,36.1546
8318.9,3.999111794920717,-1.13473747910979,36.15788
8320.9,4.00038118295809,-1.13473747910979,36.16118
8322.9,4.00151566738867,-1.13473747910979,36.16775
8324.9,4.0025959753643745,-1.13473747910979,36.17105
8326.9,4.00321739403454,-1.13473747910979,36.17433
8328.9,4.00454095920355,-1.13473747910979,36.17433
8330.9,4.005432189156269,-1.13473747910979,36.17762
8332.9,4.006188867851018,-1.13473747910979,36.17762
8334.9,4.006918271020985,-1.13473747910979,36.1842
8336.9,4.007809505273489,-1.13473747910979,36.1875
8338.9,4.008754911449608,-1.13473747910979,36.19078
8340.9,4.00926797766429,-1.13473747910979,36.19078
8342.9,4.010078131582283,-1.13473747910979,36.19078
8344.9,4.010726448701808,-1.13473747910979,36.19078
8346.9,4.01159112026462,-1.13473747910979,36.19078
8348.9,4.01229326947916,-1.13473747910979,36.19078
8350.9,4.01286051169445,-1.13473747910979,36.19407
8352.9,4.01323867317131,-1.13255108704985,36.19407
8354.9,4.0138059153866,-1.13473747910979,36.19407
8356.9,4.01475131907875,-1.1331775232491499,36.19407
8358.9,4.014886223816776,-1.13473747910979,36.19407
8360.9,4.0156425506164455,-1.1341110717382434,36.19736
8362.9,4.01639920862677,-1.13255108704985,36.20065
8364.9,4.0163181434792685,-1.13255108704985,36.20393
8366.9,4.01720936867834,-1.13473747910979,36.20393
8368.9,4.01796569163206,-1.13255108704985,36.20723
8370.9,4.01815477237049,-1.13473747910979,36.21052
8372.9,4.018829764661687,-1.13473747910979,36.2138
8374.9,3.9187982411054807,1.00792673963317,36.2138
8376.9,3.9138821363141196,1.00792673963317,36.2171
8378.9,3.9102896041403494,1.00792673963317,36.219959656328975
8380.9,3.9074537923570634,1.00792673963317,36.2171
8382.9,3.9049954689961814,1.00792673963317,36.2138
8384.9,3.90243736045148,1.00792673963317,36.21052
8386.9,3.90054655306719,1.00792673963317,36.209744417840064
8388.9,3.89865574568289,1.00792673963317,36.20393
8390.9,3.8969095734026893,1.00792673963317,36.199876647102386
8392.9,3.89525229239115,1.00792673963317,36.1998757691302
8394.9,3.89355056574529,1.00792673963317,36.19407
8396.9,3.8921824271968783,1.00792673963317,36.19407
8398.9,3.89033619319198,1.00792673963317,36.19078
8400.9,3.88901262802297,1.00792673963317,36.1875
8402.9,3.8878336119215855,1.00792673963317,36.1875
8404.9,3.886131840771745,1.00792673963317,36.1842
8406.9,3.88485285177752,1.00792673963317,36.18091
8408.9,3.8834847132295485,1.00792673963317,36.18091
8410.9,3.881972064152448,1.00792673963317,36.17762
8412.9,3.880837579722172,1.00792673963317,36.17433
8414.9,3.879135853539873,1.00792673963317,36.17433
8416.9,3.87747870297876,1.00792673963317,36.17105
8418.9,3.87653329928661,1.00792673963317,36.16775
8420.9,3.874876015007631,1.00792673963317,36.16446
8422.9,3.873652547307688,1.00792673963317,36.16446
8424.9,3.8723289480772354,1.00792673963317,36.16446
8426.9,3.870716373317082,1.00792673963317,36.16446
8428.9,3.8692483020898365,1.00792673963317,36.16446
8430.9,3.8678800649160388,1.00792673963317,36.16446
8432.9,3.8668456112479035,1.00792673963317,36.16446
8434.9,3.86537753571925,1.00792673963317,36.16118
8436.9,3.86405397055025,1.00792673963317,36.15788
8438.9,3.8631085668581,1.00792673963317,36.1546
8440.9,3.8615514130011017,1.00792673963317,36.14802
8442.9,3.86027235578165,1.00792673963317,36.14802
8444.9,3.859093294429278,1.00792673963317,36.14802
8446.9,3.8579588103725864,1.00792673963317,36.14802
8448.9,3.85667982175149,1.00792673963317,36.14802
8450.9,3.855689912161235,1.00792673963317,36.14473
8452.9,3.8545553718381784,1.00792673963317,36.14143
8454.9,3.853565372923921,1.00792673963317,36.13815
8456.9,3.8523755381461213,1.00792673963317,36.13486
8458.9,3.85157464181388,1.00792673963317,36.13282335286914
8460.9,3.8503956389902516,1.00792673963317,36.13037487666292
8462.9,3.8495947319307624,1.00792673963317,36.12577283439493
8464.9,3.84873843073744,1.00792673963317,36.12828
8466.9,3.847937532073537,1.00792673963317,36.127506741281984
8468.9,3.8470812806395576,1.00792673963317,36.125
8470.9,3.8462358501606975,1.00792673963317,36.12750751726975
8472.9,3.84552405818413,1.00792673963317,36.125
8474.9,3.8447231591465076,1.00792673963317,36.1217
8476.9,3.84382233153826,1.00792673963317,36.11841
8478.9,3.8432105139861443,1.00792673963317,36.11841
8480.9,3.84249876636925,1.00792673963317,36.11512
8482.9,3.84155336267711,1.00792673963317,36.11512
8484.9,3.8414088580223624,1.00792673963317,36.11841
8486.9,3.8409415447517277,1.00792673963317,36.11841
8488.9,3.8401406395684794,1.00792673963317,36.11512
8490.9,3.8394289722936397,1.00792673963317,36.11841
8492.9,3.83871715160066,1.00792673963317,36.11841
8494.9,3.838105333301798,1.00792673963317,36.11512
8496.9,3.83758266717008,1.00792673963317,36.11512
8498.9,3.83682634421636,1.00792673963317,36.11183
8500.9,3.8364927087770218,1.00792673963317,36.10855
8502.9,3.83588094052421,1.00792673963317,36.10525
8504.9,3.835358274018857,1.00792673963317,36.10525
8506.9,3.8350800410233394,1.00792673963317,36.10196
8508.9,3.8345127971329336,1.00792673963317,36.09868
8510.9,3.83417921387835,1.00792673963317,36.09538
8512.9,3.8335674103368578,1.00792673963317,36.09538
8514.9,3.833000155322813,1.00792673963317,36.09538
8516.9,3.83266656797091,1.00792673963317,36.09538
8518.9,3.83218847810295,1.00792673963317,36.09538
8520.9,3.8318657605703006,1.00792673963317,36.09538
8522.9,3.8311984845095552,1.00792673963317,36.09538
8524.9,3.83096484132504,1.00792673963317,36.0921
8526.9,3.83058667984818,1.00792673963317,36.0921
8528.9,3.8302976738875456,1.00792673963317,36.0888
8530.9,3.82964127615603,1.00792673963317,36.0888
8532.9,3.8291185808113144,1.00792673963317,36.08552
8534.9,3.82888495320231,1.00792673963317,36.08552
8536.9,3.8285513670611104,1.00792673963317,36.08552
8538.9,3.82831771098702,1.00792673963317,36.08552
8540.9,3.82756138803331,1.00792673963317,36.08223
8542.9,3.8277059206906237,1.00792673963317,36.08223
8544.9,3.8273277311217915,1.00792673963317,36.07893
8546.9,3.8266605584656124,1.00792673963317,36.07565
8548.9,3.82661598434116,1.00792673963317,36.07236
8550.9,3.8260932524061677,1.00792673963317,36.07236
8552.9,3.825526059097136,1.00792673963317,36.06907
8554.9,3.82548149991058,1.00792673963317,36.06907
8556.9,3.825058757506472,1.00792673963317,36.06907
8558.9,3.8250141877624904,1.00792673963317,36.06907
8560.9,3.82453609621843,1.00792673963317,36.06907
8562.9,3.824068802745387,1.00792673963317,36.0688107319312
8564.9,3.82377977326471,1.00792673963317,36.0625
8566.9,3.82340161178785,1.00792673963317,36.0625
8568.9,3.823068027604638,1.00792673963317,36.0625
8570.9,3.82264528883413,1.00792673963317,36.06578
8572.9,3.8227898648253573,1.00792673963317,36.06578
8574.9,3.82226712735727,1.00792673963317,36.06578
8576.9,3.82188896588041,1.00792673963317,36.06907
8578.9,3.8215553770335435,1.00792673963317,36.06907
8580.9,3.82132172366512,1.00792673963317,36.06907
8582.9,3.82094356218826,1.00792673963317,36.06578
8584.9,3.82075448144983,1.00792673963317,36.0625
8586.9,3.820231747555599,1.00792673963317,36.0592
8588.9,3.820142672761912,1.00792673963317,36.0592
8590.9,3.819764768983644,1.00792673963317,36.0592
8592.9,3.8193864050173167,1.00792673963317,36.05591
8594.9,3.81905275480397,1.00792673963317,36.05591
8596.9,3.8190082474147706,1.00792673963317,36.05591
8598.9,3.81829643185025,1.00792673963317,36.05591
8600.9,3.8181517497831137,1.00792673963317,36.05591
8602.9,3.81791827037339,1.00792673963317,36.05262
8604.9,3.81772918963496,1.00792673963317,36.05262
8606.9,3.8173510281581,1.00792673963317,36.05591
8608.9,3.8173064517023487,1.00792673963317,36.05591
8610.9,3.816928512102314,1.00792673963317,36.05262
8612.9,3.8165501804353363,1.00792673963317,36.05262
8614.9,3.8163610479196395,1.00792673963317,36.05262
8616.9,3.816072040746154,1.00792673963317,36.05262
8618.9,3.81564930151223,1.00792673963317,36.04933
8620.9,3.8154157787820258,1.00792673963317,36.04605
8622.9,3.8150375339663207,1.00792673963317,36.04275
8624.9,3.8148483984694264,1.00792673963317,36.04605
8626.9,3.81432573634322,1.00792673963317,36.04933
8628.9,3.81418123327131,1.00792673963317,36.05184434974568
8630.9,3.81394757486636,1.00792673963317,36.04933
8632.9,3.81375849412793,1.00792673963317,36.04933
8634.9,3.81338033265107,1.00792673963317,36.04933
8636.9,3.8133357525625105,1.00792673963317,36.04933
8638.9,3.8129575922967733,1.00792673963317,36.04933
8640.9,3.81262400969736,1.00792673963317,36.04933
8642.9,3.812101283495662,1.00792673963317,36.04971611157803
8644.9,3.8121013428169146,1.00792673963317,36.05262
8646.9,3.811534104607988,1.00792673963317,36.04933
8648.9,3.81130044452835,1.00792673963317,36.04933
8650.9,3.81092228305149,1.00792673963317,36.05262
8652.9,3.81092228305149,1.00792673963317,36.04933
8654.9,3.8103996149598625,1.00792673963317,36.04933
8656.9,3.8103104599104927,1.00792673963317,36.04933
8658.9,3.810121380846523,1.00792673963317,36.04605
8660.9,3.8099324394221328,1.00792673963317,36.04605
8662.9,3.80959871788248,1.00792673963317,36.04933
8664.9,3.8091759794864695,1.00792673963317,36.04605
8666.9,3.8087978143767747,1.00792673963317,36.04605
8668.9,3.8561125795362,0.0021863920599418,36.04605
8670.9,3.858846994341338,0.0011770980013848572,36.04605
8672.9,3.86065051725851,0.0,36.04275
8674.9,3.862337711874982,0.0010091771236706993,36.04275
8676.9,3.863500965625386,0.0011755108627818315,36.04275
8678.9,3.864723032924934,0.0021863920599418,36.04275
8680.9,3.86594477793454,0.0021863920599418,36.04275
8682.9,3.866875621802264,0.0,36.03946
8684.9,3.86764650458041,0.001009194045081762,36.03946
8686.9,3.8686794198479966,0.0,36.03946
8688.9,3.869333669695842,0.0021863920599418,36.03618
8690.9,3.87010455418,0.0011772572345313031,36.03618
8692.9,3.8707736166765567,0.0,36.03946
8694.9,3.871340859744904,0.0010090065606644409,36.04275
8696.9,3.872082781349014,0.0021863920599418,36.04275
8698.9,3.872649864968276,0.0,36.04275
8700.9,3.8732171124255967,0.001177306561205658,36.04047075067126
8702.9,3.8735952689043893,0.0021863920599418,36.03946
8704.9,3.87426433042545,0.0010093886544798483,36.03946
8706.9,3.874744120540075,0.0021863920599418,36.03946
8708.9,3.87539881485603,0.0,36.03618
8710.9,3.875689679194478,0.0,36.03440358489369
8712.9,3.87634421854818,0.0,36.03465683191846
8714.9,3.876620578519552,0.0021863920599418,36.03618
8716.9,3.8771005415019,0.0011773925449253017,36.034699099315326
8718.9,3.87747870297876,0.0,36.03288
8720.9,3.8779586096967713,0.0021863920599418,36.0296
8722.9,3.87842410667091,0.0,36.0296
8724.9,3.878715007933889,0.0,36.0263
8726.9,3.8789913488862,0.0021863920599418,36.0296
8728.9,3.87936951036306,0.0010090065650697397,36.0296
8730.9,3.8798350040495717,0.00117654594146708,36.0296
8732.9,3.880213092921206,0.001177385495459384,36.0296
8734.9,3.8806058086139243,0.0,36.03288
8736.9,3.8807803336738496,0.0021863920599418,36.03288
8738.9,3.88088215627049,0.0021863920599418,36.03288
8740.9,3.881536726314104,0.0021863920599418,36.03288
8742.9,3.88182755996264,0.0021863920599418,36.0296
8744.9,3.88182755996264,0.0021863920599418,36.0263
8746.9,3.8824966247744013,0.0021863920599418,36.02302
8748.9,3.8826857040500236,0.0021863920599418,36.02302
8750.9,3.8828603068206866,0.0021863920599418,36.01973
8752.9,3.883063865404848,0.001177384080513424,36.01643
8754.9,3.88334020587008,0.0021863920599418,36.01315
8756.9,3.883616545359816,0.0,36.00986
8758.9,3.883994708421669,0.001009015027208179,36.01315
8760.9,3.88418389646175,0.0011761362745245048,36.01315
8762.9,3.88447469030066,0.0,36.01315
8764.9,3.88466377103909,0.0021863920599418,36.01315
8766.9,3.88485285177752,0.0021863920599418,36.01315
8768.9,3.88504193251595,0.001177385487823434,36.01315
8770.9,3.88523101325438,0.0,36.00986
8772.9,3.885507353719891,0.0021863920599418,36.00986
8774.9,3.8859873362081,0.0021863920599418,36.00657
8776.9,3.841102180265906,0.968571682554215,36.00657
8778.9,3.8378147848321724,0.968571682554215,36.00657
8780.9,3.83588094052421,0.968571682554215,36.00657
8782.9,3.833758014974062,0.968571682554215,36.00657
8784.9,3.8324044682434337,0.968571682554215,36.00986
8786.9,3.831008017951097,0.968571682554215,36.00657
8788.9,3.82964127615603,0.968571682554215,36.00657
8790.9,3.8283907322819912,0.968571682554215,36.00529943134002
8792.9,3.8273292664794862,0.968571682554215,36.00328
8794.9,3.82661598434116,0.968571682554215,36.002013333252656
8796.9,3.825597633075384,0.968571682554215,35.9967
8798.9,3.82453609621843,0.968571682554215,35.9967
8800.9,3.823895835516832,0.968571682554215,35.9967
8802.9,3.8229504290161365,0.968571682554215,35.9967
8804.9,3.8223101669487805,0.968571682554215,35.9967
8806.9,3.8214378820444987,0.968571682554215,35.9967
8808.9,3.82075448144983,0.968571682554215,35.9967
8810.9,3.8201142208579433,0.968571682554215,35.99341
8812.9,3.8193148496671463,0.968571682554215,35.99012
8814.9,3.81867459332711,0.968571682554215,35.99012
8816.9,3.8181803091474666,0.968571682554215,35.99012
8818.9,3.81754010889653,0.968571682554215,35.98683
8820.9,3.817015906775936,0.968571682554215,35.98683
8822.9,3.81621654372752,0.968571682554215,35.98683
8824.9,3.8157953377629346,0.968571682554215,35.98683
8826.9,3.81527114003537,0.968571682554215,35.98683
8828.9,3.81489297855851,0.968571682554215,35.98355
8830.9,3.814209677871816,0.968571682554215,35.98025
8832.9,3.8138315125043025,0.968571682554215,35.97696
8834.9,3.81338033265107,0.968571682554215,35.97696
8836.9,3.81281309043578,0.968571682554215,35.97696
8838.9,3.81243492895893,0.968571682554215,35.98025
8840.9,3.8119107280627795,0.968571682554215,35.97696
8842.9,3.8111843850845184,0.968571682554215,35.98025
8844.9,3.810806223246676,0.968571682554215,35.97696
8846.9,3.8103550408362,0.968571682554215,35.98025
8848.9,3.80997687935934,0.968571682554215,35.97696
8850.9,3.80959871788248,0.968571682554215,35.97696
8852.9,3.8091044959890143,0.968571682554215,35.98025
8854.9,3.8085802958142123,0.968571682554215,35.98025
8856.9,3.80827515271347,0.968571682554215,35.97696
8858.9,3.80808607197504,0.968571682554215,35.97696
8860.9,3.8074027693426364,0.968571682554215,35.97368
8862.9,3.8070246075052827,0.968571682554215,35.97368
8864.9,3.80687856916852,0.968571682554215,35.97038
8866.9,3.806268203148142,0.968571682554215,35.97038
8868.9,3.80619526459074,0.968571682554215,35.9671
8870.9,3.8055550016936515,0.968571682554215,35.9691133038876
8872.9,3.8052498608986,0.968571682554215,35.9671
8874.9,3.804725656331514,0.968571682554215,35.9671
8876.9,3.80468261868331,0.968571682554215,35.97038
8878.9,3.8040423561467707,0.968571682554215,35.97038
8880.9,3.803810236285023,0.968571682554215,35.97038
8882.9,3.803432077365563,0.968571682554215,35.97038
8884.9,3.80298089203744,0.968571682554215,35.97038
8886.9,3.802718834153698,0.968571682554215,35.97038
8888.9,3.80222456908372,0.968571682554215,35.97038
8890.9,3.8021515490135434,0.968571682554215,35.9671
8892.9,3.80165732686843,0.968571682554215,35.9671
8894.9,3.80146824613,0.968571682554215,35.9671
8896.9,3.801017155724529,0.968571682554215,35.9671
8898.9,3.80071192317628,0.968571682554215,35.9671
8900.9,3.8002607445477814,0.968571682554215,35.9638
8902.9,3.8000716628365603,0.968571682554215,35.9638
8904.9,3.7996935009992527,0.968571682554215,35.9671
8906.9,3.79919927726884,0.968571682554215,35.9671
8908.9,3.79919927726884,0.968571682554215,35.9671
8910.9,3.798748098279739,0.968571682554215,35.9671
8912.9,3.798326892924776,0.968571682554215,35.9671
8914.9,3.79806479283826,0.968571682554215,35.9671
8916.9,3.79787571209984,0.968571682554215,35.9671
8918.9,3.7978027144152664,0.968571682554215,35.9671
8920.9,3.7972354533451065,0.970758074614157,35.9671
8922.9,3.79711938914612,0.968571682554215,35.9671
8924.9,3.7968572906445837,0.968571682554215,35.9638
8926.9,3.79655214693083,0.968571682554215,35.9671
8928.9,3.796479135537678,0.968571682554215,35.9638
8930.9,3.79579582397711,0.968571682554215,35.9638
8932.9,3.79560674323868,0.968571682554215,35.9671
8934.9,3.79541766250025,0.968571682554215,35.9671
8936.9,3.795155816973929,0.968571682554215,35.97038
8938.9,3.7947774021612584,0.968571682554215,35.9671
8940.9,3.7944722588081,0.968571682554215,35.97038
8942.9,3.79435619802935,0.968571682554215,35.97038
8944.9,3.79409409733124,0.968571682554215,35.97038
8946.9,3.7937887333635776,0.968571682554215,35.97038
8948.9,3.7936429283832793,0.9699138693478956,35.97038
8950.9,3.79333777437752,0.968571682554215,35.96911331015501
8952.9,3.7930326322482637,0.968571682554215,35.968366672968
8954.9,3.7926975143994186,0.968571682554215,35.97038
8956.9,3.7924651624549313,0.968571682554215,35.97038
8958.9,3.79220328994694,0.968571682554215,35.972405609713476
8960.9,3.7921302702385056,0.968571682554215,35.97368
8962.9,3.791519985979938,0.968571682554215,35.97368
8964.9,3.79144696699322,0.968571682554215,35.97368
8966.9,3.791374173755361,0.968571682554215,35.97368
8968.9,3.791141819105217,0.968571682554215,35.97674761732049
8970.9,3.790806705069673,0.968571682554215,35.97696
8972.9,3.790428542981194,0.970758074614157,35.97368
8974.9,3.789977365576682,0.970758074614157,35.97038
8976.9,3.7900071134663103,0.970758074614157,35.97038
8978.9,3.78974524034736,0.968571682554215,35.97038
8980.9,3.78955615960893,0.968571682554215,35.97368
8982.9,3.789483142207244,0.9699137545178323,35.97368
8984.9,3.7891349587553904,0.968571682554215,35.97696
8986.9,3.7889161413699677,0.968571682554215,35.97696
8988.9,3.7885377655718178,0.970758074614157,35.97696
8990.9,3.788305613787236,0.968571682554215,35.97696
8992.9,3.78785443296306,0.970758074614157,35.97696
8994.9,3.7877383725446934,0.968571682554215,35.97696
8996.9,3.787592541047711,0.968571682554215,35.97368
8998.9,3.7872141714007497,0.968571682554215,35.97368
9000.9,3.7870250931100076,0.968571682554215,35.97368
9002.9,3.78671994853248,0.968571682554215,35.97038
9004.9,3.78653086779405,0.968571682554215,35.9671
9006.9,3.78634178705562,0.968571682554215,35.97038
9008.9,3.78634178705562,0.968571682554215,35.97368
9010.9,3.785890607455719,0.968571682554215,35.97368
9012.9,3.7856584853942223,0.968571682554215,35.97368
9014.9,3.7855124443941257,0.968571682554215,35.97368
9016.9,3.785090973851297,0.968571682554215,35.97368
9018.9,3.78501822188661,0.968571682554215,35.97368
9020.9,3.78464006040975,0.968571682554215,35.97368
9022.9,3.78464006040975,0.968571682554215,35.97368
9024.9,3.7841888826457346,0.970758074614157,35.97368
9026.9,3.7840000665960654,0.968571682554215,35.97696
9028.9,3.78388373745603,0.968571682554215,35.97696
9030.9,3.783578596298573,0.968571682554215,35.97696
9032.9,3.7833595372857936,0.968571682554215,35.98025
9034.9,3.7828653143076787,0.968571682554215,35.98025
9036.9,3.782865592304905,0.968571682554215,35.98355
9038.9,3.78274925302546,0.968571682554215,35.98227875937076
9040.9,3.782487151967872,0.968571682554215,35.981524413540065
9042.9,3.782065948806169,0.968571682554215,35.98355
9044.9,3.781876869652468,0.968571682554215,35.98355
9046.9,3.78161476859488,0.968571682554215,35.98683
9048.9,3.78130946781228,0.968571682554215,35.98355
9050.9,3.7811935682416746,0.968571682554215,35.98355
9052.9,3.780931461818178,0.968571682554215,35.98355
9054.9,3.7804802841643,0.968571682554215,35.98355
9056.9,3.7804802841643,0.968571682554215,35.98025
9058.9,3.780174959626761,0.968571682554215,35.98025
9060.9,3.77991304194901,0.970758074614157,35.98025
9062.9,3.779650940530628,0.970758074614157,35.98025
9064.9,3.77953488047215,0.970758074614157,35.98355
9066.9,3.7792730422728416,0.970758074614157,35.98025
9068.9,3.77896763825686,0.970758074614157,35.98355
9070.9,3.7786624970989977,0.968571682554215,35.98355
9072.9,3.778327375361728,0.968571682554215,35.98355
9074.9,3.7780952530476486,0.970758074614157,35.98355
9076.9,3.777905888809383,0.970758074614157,35.98355
9078.9,3.77764407308785,0.970758074614157,35.98355
9080.9,3.7773819738666763,0.970758074614157,35.98355
9082.9,3.7773389313179937,0.968571682554215,35.98355
9084.9,3.881413219485202,-1.45613711192124,35.98683
9086.9,3.8930516411288716,-1.45613711192124,35.98683
9088.9,3.898981429993656,-1.45613711192124,35.98683
9090.9,3.9040183008281546,-1.45613711192124,35.98683
9092.9,3.907989070730502,-1.45613711192124,35.99012
9094.9,3.9112717271571875,-1.45613711192124,35.9967
9096.9,3.91453852771099,-1.45613711192124,36.0
9098.9,3.916875784696235,-1.45613711192124,36.00328
9100.9,3.9194021413706714,-1.45613711192124,36.00657
9102.9,3.92172359577132,-1.45613711192124,36.00986
9104.9,3.92380348389404,-1.45613711192124,36.01315
9106.9,3.9259517085927973,-1.45613711192124,36.01973
9108.9,3.92758509866264,-1.45613711192124,36.0263
9110.9,3.9295967104269462,-1.45613711192124,36.03288
9112.9,3.9312459866738605,-1.45613711192124,36.04064935751762
9114.9,3.932947657861296,-1.45613711192124,36.04933
9116.9,3.934649420841117,-1.457533329428883,36.05709902475209
9118.9,3.936162010013194,-1.45613711192124,36.06368442650183
9120.9,3.937727040429812,-1.45613711192124,36.07026047332538
9122.9,3.9391874328086103,-1.45613711192124,36.07565
9124.9,3.94082075035272,-1.45832350398118,36.08223
9126.9,3.94233339626016,-1.45613711192124,36.089395611978674
9128.9,3.9438460421676,-1.45613711192124,36.09577717724132
9130.9,3.9452905111135306,-1.45613711192124,36.10525
9132.9,3.94668225324404,-1.457533554970099,36.11183
9134.9,3.9480740118752,-1.45613711192124,36.1217
9136.9,3.94951846432049,-1.45613711192124,36.12828
9138.9,3.9508420294895,-1.45613711192124,36.13486
9140.9,3.95216559465851,-1.45613711192124,36.14143
9142.9,3.95348915982751,-1.45613711192124,36.14802
9144.9,3.9549334029342913,-1.45613711192124,36.14802
9146.9,3.9562727257299337,-1.45832350398118,36.1546
9148.9,3.95764893607297,-1.45613711192124,36.16118
9150.9,3.95897250124198,-1.45613711192124,36.16775
9152.9,3.960242913131885,-1.45613711192124,36.17105
9154.9,3.961688044224523,-1.45613711192124,36.17762
9156.9,3.9628225243068655,-1.45613711192124,36.1842
9158.9,3.96445584265644,-1.45613711192124,36.19078
9160.9,3.965711287521954,-1.45613711192124,36.19736
9162.9,3.967050491829255,-1.45613711192124,36.20723
9164.9,3.96842653816346,-1.45613711192124,36.21052
9166.9,3.9698023723357667,-1.4569281075929468,36.2138
9168.9,3.9709527356880887,-1.45613711192124,36.22038
9170.9,3.972465531399704,-1.4569268571597285,36.22696
9172.9,3.97353171810107,-1.45613711192124,36.23355
9174.9,3.97523344474694,-1.45613711192124,36.24012
9176.9,3.97629992256744,-1.45613711192124,36.2467
9178.9,3.977812315212288,-1.4569264194141123,36.25328
9180.9,3.9788942571639234,-1.4575339824040159,36.25657
9182.9,3.9802705827462215,-1.45613711192124,36.25986
9184.9,3.98147310911512,-1.45613711192124,36.26315
9186.9,3.9824867190489,-1.45613711192124,36.26315
9188.9,3.9836740505441255,-1.45613711192124,36.26643
9190.9,3.984808243613853,-1.45613711192124,36.271614905635765
9192.9,3.9859426344957725,-1.45613711192124,36.2763
9194.9,3.9868355593412987,-1.45613711192124,36.2796
9196.9,3.9879701006018786,-1.45613711192124,36.28618
9198.9,3.9891045743651126,-1.45613711192124,36.29275
9200.9,3.989860622950811,-1.45613711192124,36.29933
9202.9,3.9908064814139093,-1.45613711192124,36.30591
9204.9,3.9915627867687515,-1.45613711192124,36.3092
9206.9,3.99262887268247,-1.45613711192124,36.31348532255392
9208.9,3.99357427637462,-1.45613711192124,36.31907
9210.9,3.994262295625695,-1.45613711192124,36.31907
9212.9,3.99484554509287,-1.45613711192124,36.32236
9214.9,3.995774833436362,-1.45613711192124,36.32565
9216.9,3.996667752819927,-1.45613711192124,36.32893
9218.9,3.997045929859005,-1.45613711192124,36.33223
9220.9,3.9982331343966044,-1.45613711192124,36.33552
9222.9,3.8672405528972074,1.6373631819178827,36.3421
9224.9,3.8519629199264394,1.65728518143588,36.34538
9226.9,3.8449668389749565,1.65728518143588,36.34868
9228.9,3.83966255529281,1.65728518143588,36.35196
9230.9,3.835064948161944,1.65728518143588,36.35525
9232.9,3.8310942666079804,1.65947157349582,36.35855
9234.9,3.82737230729488,1.65728518143588,36.35855
9236.9,3.823909224677032,1.65728518143588,36.35855
9238.9,3.8205057268145093,1.6579752069531832,36.35525
9240.9,3.8172319461014155,1.6579736705579806,36.35525
9242.9,3.8140769714468674,1.6587814293274084,36.35525
9244.9,3.81073320231306,1.65728518143588,36.35525
9246.9,3.80789699123661,1.65728518143588,36.35855
9248.9,3.8047422813173553,1.65728518143588,36.36183
9250.9,3.8019759410195304,1.65947157349582,36.36183
9252.9,3.79938835800727,1.65728518143588,36.36183
9254.9,3.797059720757457,1.6587816116716505,36.36183
9256.9,3.794153685177904,1.65728518143588,36.35855
9258.9,3.7921436148815033,1.65947157349582,36.35525
9260.9,3.789874677417852,1.65947157349582,36.34868
9262.9,3.78728719074777,1.65947157349582,36.34868
9264.9,3.785714853759777,1.65728518143588,36.35196
9266.9,3.78395358959545,1.65728518143588,36.34538
9268.9,3.782122320313672,1.65728518143588,36.34538
9270.9,3.7803013451586636,1.65728518143588,36.3421
9272.9,3.778460086037928,1.6579753931157044,36.3421
9274.9,3.777206225952668,1.65947157349582,36.34538
9276.9,3.77556418496513,1.65947157349582,36.34538
9278.9,3.774559107045164,1.65947157349582,36.34434482598459
9280.9,3.77272797388868,1.6587828510372629,36.3421
9282.9,3.771722885122871,1.65947157349582,36.3421
9284.9,3.77026992428909,1.65728518143588,36.3421
9286.9,3.76913543985851,1.6579745681929858,36.3421
9288.9,3.76781187468951,1.65947157349582,36.3421
9290.9,3.7669959027428304,1.65728518143588,36.3388
9292.9,3.76573198656678,1.65947157349582,36.3388
9294.9,3.7645975021362,1.65947157349582,36.33552
9296.9,3.76371171900002,1.65728518143588,36.33223
9298.9,3.7629655226221894,1.65947157349582,36.33223
9300.9,3.761820831475105,1.65947157349582,36.33223
9302.9,3.76100496810604,1.65728518143588,36.33223
9304.9,3.759930174755428,1.65947157349582,36.32893
9306.9,3.759054548835589,1.65728518143588,36.32893
9308.9,3.7581090904730337,1.65728518143588,36.32893
9310.9,3.757163773629042,1.65728518143588,36.32893
9312.9,3.7564073477269724,1.6579753082457964,36.32893
9314.9,3.75552162669157,1.65947157349582,36.32893
9316.9,3.75495438447628,1.65728518143588,36.33223
9318.9,3.7541383872954044,1.6579752107721293,36.32893
9320.9,3.7531930184998226,1.65728518143588,36.32893
9322.9,3.7524963348767,1.65728518143588,36.32893
9324.9,3.75192909266141,1.6579753998598887,36.32565
9326.9,3.7506651291074493,1.65947157349582,36.32893
9328.9,3.75022736601554,1.65947157349582,36.32893
9330.9,3.74947104306182,1.65947157349582,36.32893
9332.9,3.74865503878851,1.6587814621478256,36.32893
9334.9,3.74814747789281,1.658781343504003,36.32565
9336.9,3.74739115493909,1.65728518143588,36.33223
9338.9,3.74625667050852,1.6587814669606524,36.33223
9340.9,3.74568942829323,1.65947157349582,36.33223
9342.9,3.74512218607794,1.657975342944036,36.33223
9344.9,3.744236472965094,1.65947157349582,36.331477257144115
9346.9,3.7436095401705,1.65947157349582,36.32893
9348.9,3.7427935293905596,1.65947157349582,36.32893
9350.9,3.741967352479182,1.65947157349582,36.32565
9352.9,3.741469968975538,1.65728518143588,36.32236
9354.9,3.7406439389347796,1.6579753998547981,36.32236
9356.9,3.7401464688945683,1.65947157349582,36.32565
9358.9,3.7393203618364246,1.6587814930191658,36.32893
9360.9,3.7386337835684893,1.65947157349582,36.33223
9362.9,3.73793711801761,1.65728518143588,36.33223
9364.9,3.737121105653128,1.6587813685874018,36.33223
9366.9,3.7365539641385577,1.65947157349582,36.33223
9368.9,3.73585722989488,1.6587816068798342,36.33223
9370.9,3.7352303508353315,1.65728518143588,36.33223
9372.9,3.73434458398744,1.65728518143588,36.33223
9374.9,3.733847042520286,1.65728518143588,36.33223
9376.9,3.733080631188069,1.65728518143588,36.33552
9378.9,3.7325235053813732,1.65728518143588,36.33552
9380.9,3.73169745364942,1.65728518143588,36.3388
9382.9,3.731000817188788,1.6579753526063308,36.34538
9384.9,3.730314212668821,1.65947157349582,36.34868
9386.9,3.7295579093185505,1.65947157349582,36.35196
9388.9,3.72923940404984,1.65947157349582,36.35525
9390.9,3.72848308109612,1.65947157349582,36.35525
9392.9,3.727596787805949,1.6587880638236028,36.35196
9394.9,3.727099881653303,1.65728518143588,36.35196
9396.9,3.72640319297339,1.6579720048704347,36.34538
9398.9,3.72570655609263,1.65947157349582,36.34538
9400.9,3.7253393577362743,1.65947157349582,36.34538
9402.9,3.724642342362633,1.65947157349582,36.34868
9404.9,3.7238157467956388,1.6587814293003948,36.34868
9406.9,3.72318882042009,1.6579736423048381,36.35196
9408.9,3.722503387713603,1.6587882390809567,36.35525
9410.9,3.7219951206973043,1.65947157349582,36.35855
9412.9,3.721427578182724,1.65947157349582,36.36183
9414.9,3.7206011532038463,1.65947157349582,36.36183
9416.9,3.7202232075958097,1.65947157349582,36.36183
9418.9,3.71940720565149,1.65947157349582,36.36183
9420.9,3.7190987579377928,1.65947157349582,36.36436721588746
9422.9,3.7184021168030883,1.658781417783462,36.36512
9424.9,3.7177651378832044,1.65947157349582,36.36361414543108
9426.9,3.71713823679033,1.6579752774167518,36.36512
9428.9,3.7166306748086875,1.65947157349582,36.36512
9430.9,3.7160736110136368,1.65947157349582,36.36841
9432.9,3.7154961916352867,1.658781460167883,36.36841
9434.9,3.714998675526307,1.65947157349582,36.36512
9436.9,3.714172634385486,1.65728518143588,36.36512
9438.9,3.71354570276017,1.65728518143588,36.36512
9440.9,3.7134162909992328,1.65728518143588,36.36841
9442.9,3.712670000819085,1.65728518143588,36.3717
9444.9,3.71203305685273,1.6579753988739128,36.375
9446.9,3.71146581463744,1.65728518143588,36.375
9448.9,3.71089857242215,1.65947157349582,36.375
9450.9,3.71052041094529,1.65728518143588,36.375
9452.9,3.7098237634759665,1.65728518143588,36.37828
9454.9,3.70919684577629,1.65728518143588,36.375
9456.9,3.708569914651683,1.65728518143588,36.38157
9458.9,3.7081320589267746,1.65728518143588,36.38157
9460.9,3.707554804622225,1.65728518143588,36.37828
9462.9,3.7069875604905307,1.65797531886843,36.37828
9464.9,3.70654971543827,1.65728518143588,36.37828
9466.9,3.7062412537118603,1.65728518143588,36.37828
9468.9,3.70541523100769,1.65728518143588,36.37828
9470.9,3.7049673242405095,1.65947157349582,36.37828
9472.9,3.7041513502456898,1.65728518143588,36.38157
9474.9,3.70371350436182,1.6587814120054818,36.38157
9476.9,3.70333534288496,1.6587813984951092,36.38486
9478.9,3.7028974898297475,1.65728518143588,36.38815
9480.9,3.7021311275046607,1.65728518143588,36.39143
9482.9,3.7016336162391,1.6579753294601662,36.39473
9484.9,3.7009369746030987,1.657975292762238,36.39473
9486.9,3.7003697375617026,1.65728518143588,36.39802
9488.9,3.6996134071804194,1.65728518143588,36.4013
9490.9,3.69943441851635,1.6587817688009474,36.39802
9492.9,3.69879740516265,1.65728518143588,36.4013
9494.9,3.69823016294736,1.65728518143588,36.4013
9496.9,3.69798139430049,1.65728518143588,36.4046
9498.9,3.697165378267937,1.65728518143588,36.4046
9500.9,3.6964687622392054,1.65728518143588,36.4046
9502.9,3.69577211334777,1.65728518143588,36.408921532783694
9504.9,3.69539395187091,1.6579753487054332,36.41118
9506.9,3.694956108576462,1.65728518143588,36.41446
9508.9,3.69425946744034,1.65947157349582,36.41775
9510.9,3.6935628343960603,1.65728518143588,36.41775
9512.9,3.69331406374819,1.6579752523306228,36.41775
9514.9,3.6927468215329,1.65947157349582,36.42105
9516.9,3.69217957931761,1.6579753747577617,36.42173817549664
9518.9,3.6916720265951684,1.65728518143588,36.42467409399786
9520.9,3.6909156848724685,1.65728518143588,36.42762
9522.9,3.6905375421646984,1.65947157349582,36.43091
9524.9,3.6899702994488854,1.65728518143588,36.43091
9526.9,3.8467441200733483,-1.88685634772977,36.4342
9528.9,3.8604096828617878,-1.88904273978971,36.4375
9530.9,3.86897006974942,-1.88904273978971,36.4375
9532.9,3.87599458058928,-1.88904273978971,36.44078
9534.9,3.88163847922421,-1.88904273978971,36.44078
9536.9,3.8866633810294666,-1.88685634772977,36.44736
9538.9,3.8912013196636015,-1.88685634772977,36.45393
9540.9,3.895550174823412,-1.88685634772977,36.46052
9542.9,3.8988733454240165,-1.88685634772977,36.4638
9544.9,3.9023570789104705,-1.88685634772977,36.4671
9546.9,3.905680260169805,-1.88685634772977,36.47038
9548.9,3.9085967473599523,-1.88685634772977,36.47696
9550.9,3.9112438752011967,-1.88685634772977,36.48355
9552.9,3.9138107224138072,-1.88685634772977,36.49341
9554.9,3.9163490564843846,-1.88685634772977,36.4967
9556.9,3.9184289473431044,-1.88685634772977,36.4967
9558.9,3.92077819207917,-1.88685634772977,36.4967
9560.9,3.922697525282229,-1.88685634772977,36.50610297619551
9562.9,3.92455980684776,-1.88685634772977,36.51550013243853
9564.9,3.926530892843002,-1.88685634772977,36.525136669478826
9566.9,3.92815234087793,-1.88685634772977,36.53477895207249
9568.9,3.93004314826223,-1.88904273978971,36.54464890092512
9570.9,3.931853676840972,-1.88904273978971,36.54933
9572.9,3.933526880837644,-1.88904273978971,36.55780314252254
9574.9,3.9349592474614,-1.88904273978971,36.56578
9576.9,3.93666097410727,-1.88904273978971,36.57330369790807
9578.9,3.938093342554558,-1.88904273978971,36.58254073376779
9580.9,3.93968626592214,-1.88685634772977,36.5921
9582.9,3.94100983109115,-1.88685634772977,36.60525
9584.9,3.94271155773702,-1.88904273978971,36.61512
9586.9,3.9439548467915455,-1.88904273978971,36.625
9588.9,3.94535868807504,-1.88685634772977,36.63486
9590.9,3.94668225324404,-1.88685634772977,36.64143
9592.9,3.948114459853706,-1.88685634772977,36.64802
9594.9,3.94932938358206,-1.88685634772977,36.65788
9596.9,3.950950834113272,-1.88904273978971,36.67105
9598.9,3.9523832030381394,-1.88904273978971,36.68091
9600.9,3.9535977404630738,-1.88904273978971,36.6842
9602.9,3.95462364425809,-1.88685634772977,36.6875
9604.9,3.955866930576394,-1.88685634772977,36.69407
9606.9,3.9573795801316356,-1.88685634772977,36.69736
9608.9,3.9587031430432744,-1.88904273978971,36.70723
9610.9,3.96010698567256,-1.88904273978971,36.7171
9612.9,3.961161052393389,-1.88685634772977,36.72368
9614.9,3.96237595453371,-1.88685634772977,36.73025
9616.9,3.9634301621765924,-1.88685634772977,36.73683
9618.9,3.9648340041333,-1.88685634772977,36.7467
9620.9,3.9662662872410204,-1.88685634772977,36.7467
9622.9,3.96769873468805,-1.88685634772977,36.75328
9624.9,3.9688849798364356,-1.88685634772977,36.759159440415296
9626.9,3.970047982116762,-1.88685634772977,36.76526661033132
9628.9,3.9713715534296643,-1.88685634772977,36.76973
9630.9,3.97277539514735,-1.88685634772977,36.7763
9632.9,3.97409896031636,-1.88685634772977,36.78618
9634.9,3.9751531652237384,-1.88685634772977,36.79275
9636.9,3.9764767315433223,-1.88685634772977,36.79933
9638.9,3.9778002969513917,-1.88685634772977,36.80748667639667
9640.9,3.9793129435316876,-1.88685634772977,36.816723709956676
9642.9,3.980556222598969,-1.88685634772977,36.82236
9644.9,3.98185127059198,-1.88685634772977,36.825960731162
9646.9,3.9832836394721336,-1.88685634772977,36.83223
9648.9,3.984526924444968,-1.88685634772977,36.8421
9650.9,3.9855242015843317,-1.88685634772977,36.84868
9652.9,3.9870367298144744,-1.88685634772977,36.85855
9654.9,3.988388814894803,-1.88685634772977,36.8717
9656.9,3.9896035808676,-1.88685634772977,36.88486
9658.9,3.99035990382131,-1.88685634772977,36.89143
9660.9,3.99206163046718,-1.88904273978971,36.89473
9662.9,3.9930873150289576,-1.88685634772977,36.89802
9664.9,3.9942217976355456,-1.88685634772977,36.9013
9666.9,3.868733548157659,1.02104509199282,36.9013
9668.9,3.8569405615607177,1.02104509199282,36.89802
9670.9,3.85069997525783,1.02104509199282,36.9013
9672.9,3.845594943879622,1.02104509199282,36.90788
9674.9,3.841435037896091,1.02104509199282,36.91118
9676.9,3.8378433078000356,1.02104509199282,36.90788
9678.9,3.83455737535521,1.02104509199282,36.91118
9680.9,3.83153208354033,1.02104509199282,36.91118
9682.9,3.828955705603084,1.02104509199282,36.91118
9684.9,3.8259895876500325,1.02104509199282,36.90788
9686.9,3.82377977326471,1.02104509199282,36.90788
9688.9,3.82151080440355,1.0225527022865466,36.9013
9690.9,3.81905275480397,1.02104509199282,36.89802
9692.9,3.8171028356395005,1.02104509199282,36.89802
9694.9,3.8151412215900327,1.02104509199282,36.89143
9696.9,3.8134521386650944,1.02104509199282,36.88486
9698.9,3.8115613011133327,1.02104509199282,36.875
9700.9,3.809846946351306,1.02104509199282,36.86841
9702.9,3.80808607197504,1.02104509199282,36.86295743142188
9704.9,3.8067033551017935,1.02104509199282,36.85855
9706.9,3.8051911171147728,1.02104509199282,36.854227859667795
9708.9,3.80354813425273,1.02104509199282,36.8421
9710.9,3.8023544922928005,1.02104509199282,36.8377737891978
9712.9,3.8010309662360595,1.02104509199282,36.83223
9714.9,3.79976651948413,1.02104509199282,36.82565
9716.9,3.79863203505355,1.0217243883374114,36.82236
9718.9,3.79749755062298,1.0217238932688277,36.81804856553773
9720.9,3.7963630661924,1.02104509199282,36.81181199779966
9722.9,3.7953585289336327,1.02104509199282,36.80591
9724.9,3.7942240111201224,1.02104509199282,36.79605
9726.9,3.7934681340826963,1.02104509199282,36.79275
9728.9,3.792333669974326,1.02323148405276,36.78946
9730.9,3.79144696699322,1.02104509199282,36.78618
9732.9,3.79031248256265,1.02104509199282,36.78618
9734.9,3.7896153124017737,1.02104509199282,36.7796
9736.9,3.788669894641463,1.02104509199282,36.77302
9738.9,3.78804351370149,1.02104509199282,36.76973
9740.9,3.7871572527825657,1.02104509199282,36.77302
9742.9,3.7864126020567204,1.02104509199282,36.76643
9744.9,3.7854555535790078,1.02104509199282,36.75986
9746.9,3.784959520565406,1.02104509199282,36.75328
9748.9,3.78426189893289,1.02104509199282,36.75
9750.9,3.78350557597917,1.02104509199282,36.7467
9752.9,3.78293833376389,1.02104509199282,36.74012
9754.9,3.7823710915486,1.02104509199282,36.73355
9756.9,3.7815559984674922,1.02104509199282,36.73025
9758.9,3.78085844564116,1.02104509199282,36.72696
9760.9,3.7801612792338615,1.02104509199282,36.72368
9762.9,3.78010212268744,1.02104509199282,36.72038
9764.9,3.77915671899529,1.02104509199282,36.7171
9766.9,3.77877855751843,1.02104509199282,36.7138
9768.9,3.7778918391838587,1.02104509199282,36.70723
9770.9,3.7778448436691687,1.02104509199282,36.70393
9772.9,3.77688775013413,1.02104509199282,36.70065
9774.9,3.77650958865727,1.02104509199282,36.69078
9776.9,3.77594234644199,1.02104509199282,36.68091
9778.9,3.7753751042267,1.02104509199282,36.68091
9780.9,3.77499694274984,1.02104509199282,36.67507919236806
9782.9,3.77442970053455,1.02104509199282,36.67217690151747
9784.9,3.7741814671097176,1.02104509199282,36.66446
9786.9,3.7734842968424,1.02104509199282,36.66219929212157
9788.9,3.77310613536554,1.02104509199282,36.660155839315145
9790.9,3.7726688527050194,1.02104509199282,36.65356816615114
9792.9,3.7718413929038137,1.02104509199282,36.64802
9794.9,3.771723426117402,1.02104509199282,36.64040402251995
9796.9,3.77134526187654,1.02104509199282,36.63383084644627
9798.9,3.7707072158684505,1.02104509199282,36.627423135984145
9800.9,3.77045900502752,1.02104509199282,36.625
9802.9,3.770140000874969,1.02104509199282,36.6217
9804.9,3.76951360133537,1.02104509199282,36.61823794901129
9806.9,3.76894635912008,1.02104509199282,36.61183
9808.9,3.7688159949449656,1.02104509199282,36.61183
9810.9,3.76819003616637,1.02104509199282,36.60855
9812.9,3.76762279395108,1.02104509199282,36.60525
9814.9,3.767374542900513,1.02104509199282,36.60196
9816.9,3.767114259933793,1.02104509199282,36.59868
9818.9,3.766547021270962,1.02104509199282,36.5921
9820.9,3.76629922878207,1.02104509199282,36.58552
9822.9,3.76592106730521,1.02104509199282,36.58223
9824.9,3.7654837388801368,1.02104509199282,36.57893
9826.9,3.76516474435149,1.02104509199282,36.57565
9828.9,3.7645975021362,1.02104509199282,36.57236
9830.900000000001,3.7644792393615902,1.02104509199282,36.56907
9832.900000000001,3.76403025992091,1.02104509199282,36.56578
9834.900000000001,3.7637820370869846,1.02104509199282,36.5592
9836.900000000001,3.7630140760656974,1.02104509199282,36.55591
9838.900000000001,3.7627066947519,1.02104509199282,36.55262
9840.900000000001,3.76213945253661,1.02104509199282,36.54605
9842.900000000001,3.76195037179818,1.02104509199282,36.54605
9844.900000000001,3.76138312958289,1.02104509199282,36.54275
9846.900000000001,3.76119404884447,1.02104509199282,36.54275
9848.900000000001,3.7609462612252833,1.02104509199282,36.53946
9850.900000000001,3.760508562477326,1.02104509199282,36.53618
9852.900000000001,3.7601894844460273,1.02104509199282,36.53618
9854.900000000001,3.75987048367546,1.02104509199282,36.53288
9856.900000000001,3.759433158225836,1.02104509199282,36.5296
9858.900000000001,3.75911416072174,1.02104509199282,36.5296
9860.900000000001,3.758606078619903,1.02104509199282,36.52414687218556
9862.900000000001,3.75816875702959,1.02104509199282,36.51973
9864.900000000001,3.75779059555273,1.02104509199282,36.51643
9866.900000000001,3.75741243407587,1.02104509199282,36.51540363104917
9868.900000000001,3.757093438652468,1.02104509199282,36.50554051218706
9870.900000000001,3.756915944847728,1.02104509199282,36.5
9872.900000000001,3.75665611112215,1.02104509199282,36.49443939476798
9874.900000000001,3.75589978816843,1.02104509199282,36.49341
9876.900000000001,3.7558406237001325,1.02323148405276,36.49012
9878.900000000001,3.75552162669157,1.02104509199282,36.48683
9880.900000000001,3.755013546174066,1.0217291948124165,36.48355
9882.900000000001,3.7548244676131817,1.02104509199282,36.48025
9884.900000000001,3.75438714226099,1.02104509199282,36.48025
9886.900000000001,3.75400898078413,1.02104509199282,36.47696
9888.900000000001,3.75381990004571,1.0225473308711608,36.47368
9890.900000000001,3.75325265783042,1.0217291959339796,36.47038
9892.900000000001,3.753193498213547,1.0225474052953243,36.47038
9894.900000000001,3.7525554976632023,1.02104509199282,36.47038
9896.900000000001,3.7523664196950044,1.0217292394344912,36.4671
9898.900000000001,3.75192909266141,1.0217292085262002,36.46052
9900.900000000001,3.75174001192298,1.0217291890752633,36.45723
9902.900000000001,3.7512319319979244,1.02104509199282,36.45723
9904.900000000001,3.75079460823083,1.02104509199282,36.45393
9906.900000000001,3.7506055274924,1.02104509199282,36.45065
9908.900000000001,3.75003828527711,1.02104509199282,36.45065
9910.900000000001,3.749979120313305,1.02104509199282,36.45065
9912.900000000001,3.7495417972364113,1.02104509199282,36.44736
9914.900000000001,3.7492227978553467,1.0217292268456566,36.44078
9916.900000000001,3.748844636971769,1.0225473560602114,36.4375
9918.900000000001,3.7484073072644466,1.02104509199282,36.4375
9920.900000000001,3.748277433804592,1.0217287684614127,36.4342
9922.900000000001,3.74795839715438,1.02104509199282,36.43091
9924.900000000001,3.74739115493909,1.02323148405276,36.43091
9926.900000000001,3.7468830765984507,1.02104509199282,36.43091
9928.900000000001,3.7467647466712575,1.02104509199282,36.42836892349582
9930.900000000001,3.74644575124695,1.0225477789551047,36.429775970320144
9932.900000000001,3.74606758977009,1.02104509199282,36.43091
9934.900000000001,3.74587850903166,1.02323148405276,36.43091
9936.900000000001,3.7455003475548,1.02104509199282,36.43091
9938.900000000001,3.7928872060634613,0.00041862998645868536,36.42762
9940.900000000001,3.7955345234421722,0.0021863920599418,36.42433
9942.900000000001,3.797083281509456,0.0021863920599418,36.42388503026554
9944.900000000001,3.798785008760481,0.0021863920599418,36.42105
9946.900000000001,3.8000724629795686,0.0,36.42105
9948.900000000001,3.80127916539157,0.0021863920599418,36.41775
9950.900000000001,3.8023414351532794,0.0017688731208343436,36.41446
9952.900000000001,3.8032060846333544,0.0,36.40788
9954.900000000001,3.803962402761309,0.0017688766212242517,36.4046
9956.900000000001,3.8050246718461196,0.0,36.4013
9958.900000000001,3.805780992912977,0.00041755208485040585,36.39802
9960.900000000001,3.80619526459074,0.0,36.39473
9962.900000000001,3.80714066828289,0.00041753026224256723,36.39143
9964.900000000001,3.80789699123661,0.0021863920599418,36.39143
9966.900000000001,3.80808607197504,0.0021863920599418,36.38815
9968.900000000001,3.8088062875944138,0.00041751893807782806,36.38486
9970.900000000001,3.80940963714405,0.0017688547943111906,36.38486
9972.900000000001,3.80997687935934,0.0021863920599418,36.38486
9974.900000000001,3.81042726198705,0.0,36.38157
9976.900000000001,3.81092228305149,0.00041756341811706606,36.38157
9978.900000000001,3.8110752497425713,0.0004175965623536,36.37828
9980.900000000001,3.811795463776565,0.00041756691630512864,36.375
9982.900000000001,3.81205676748207,0.00041755208861093767,36.375
9984.900000000001,3.81262400969736,0.0017688076464829716,36.36841
9986.900000000001,3.81281309043578,0.00041757824310818185,36.3655382673223
9988.900000000001,3.8131551395212373,0.0021863920599418,36.36183
9990.900000000001,3.8134164454167805,0.00041758174242073577,36.35855
9992.900000000001,3.81413665560479,0.0017688547930959871,36.35855
9994.900000000001,3.814172769278395,0.0021863920599418,36.35525
9996.900000000001,3.814550929242208,0.0,36.35196
9998.900000000001,3.81489297855851,0.0,36.34868
10000.900000000001,3.8154602207738,0.0,36.34449009782859
10002.900000000001,3.815424108079631,0.0021863920599418,36.3388
10004.900000000001,3.8158744950163914,0.0021863920599418,36.33223
10006.900000000001,3.81602746298909,0.0021863920599418,36.32893
10008.900000000001,3.8164417359496188,0.0,36.32236
10010.900000000001,3.81621654372752,0.0021863920599418,36.32236
10012.900000000001,3.8169367548949142,0.00041757041752587924,36.32565
10014.900000000001,3.8170089810317123,0.0021863920599418,36.32893
10016.900000000001,3.81716194741967,0.0021863920599418,36.32893
10018.900000000001,3.8176930765664694,0.0021863920599418,36.32893
10020.900000000001,3.817765303683084,0.00041759657131918977,36.33223
10022.900000000001,3.81791827037339,0.0004180481795481349,36.33223
10024.900000000001,3.8179543802727656,0.0021863920599418,36.32565
10026.900000000001,3.8185216243752933,0.0021863920599418,36.31907
10028.900000000001,3.8183325433342277,0.0021863920599418,36.31907
10030.900000000001,3.8935064259746976,-1.74474086383355,36.31578
10032.900000000001,3.90092471454405,-1.74692725589349,36.31578
10034.900000000001,3.90489541005107,-1.74692725589349,36.31578
10036.900000000001,3.90829886334281,-1.74692725589349,36.31907
10038.900000000001,3.9106721558149693,-1.74692725589349,36.32236
10040.900000000001,3.91321496254198,-1.74692725589349,36.32565
10042.900000000001,3.91548393140314,-1.74692725589349,36.32893
10044.900000000001,3.91775290026429,-1.74692725589349,36.33223
10046.900000000001,3.91964370764859,-1.74692725589349,36.3388
10048.900000000001,3.9216388506851363,-1.74474086383355,36.3421
10050.900000000001,3.9236345476167194,-1.74692725589349,36.34538
10052.900000000001,3.9254206286444093,-1.74692725589349,36.34818793462188
10054.900000000001,3.927500389684652,-1.74692725589349,36.354510792956276
10056.900000000001,3.9292017778424233,-1.7459438288870526,36.36183
10058.900000000001,3.9309037726571523,-1.74692725589349,36.36841
10060.900000000001,3.93269027860024,-1.74692725589349,36.37681440169462
10062.900000000001,3.93458108598454,-1.74692725589349,36.38157
10064.900000000001,3.9363675173357406,-1.74692725589349,36.38667614029937
10066.900000000001,3.93798453927628,-1.74692725589349,36.39143
10068.900000000001,3.93949718518371,-1.74692725589349,36.399526192580495
10070.900000000001,3.94130352109197,-1.74692725589349,36.4046
10072.900000000001,3.9427961124900173,-1.74692725589349,36.41118
10074.900000000001,3.9444334824615557,-1.74474086383355,36.42134884207712
10076.900000000001,3.946239106871354,-1.74692725589349,36.4342
10078.900000000001,3.9479210560552906,-1.74692725589349,36.44407
10080.900000000001,3.94914030284363,-1.74474086383355,36.45393
10082.900000000001,3.95122019096636,-1.74692725589349,36.45723
10084.900000000001,3.952459061895015,-1.74692725589349,36.4638
10086.900000000001,3.9542644798544084,-1.74692725589349,36.4671
10088.900000000001,3.9558624416766635,-1.74692725589349,36.47368
10090.900000000001,3.9571863364354867,-1.74692725589349,36.48025
10092.900000000001,3.95859433976512,-1.74692725589349,36.48683
10094.900000000001,3.96010698567256,-1.74692725589349,36.49012
10096.900000000001,3.96161963157999,-1.74692725589349,36.4967
10098.900000000001,3.963047519487845,-1.74692725589349,36.50328
10100.900000000001,3.964351226921483,-1.74474086383355,36.50986
10102.900000000001,3.965883920157347,-1.74692725589349,36.51315
10104.900000000001,3.967122664258332,-1.745720212140749,36.51973
10106.900000000001,3.968341498855879,-1.74692725589349,36.5263
10108.900000000001,3.9696653264858166,-1.74692725589349,36.53288
10110.900000000001,3.97088458776305,-1.74692725589349,36.53618
10112.900000000001,3.9719145642886216,-1.74692725589349,36.54275
10114.900000000001,3.97296447588578,-1.74692725589349,36.54605
10116.900000000001,3.974203014668862,-1.74692725589349,36.55591
10118.900000000001,3.97504436400851,-1.74692725589349,36.56907
10120.900000000001,3.9764725270467305,-1.74692725589349,36.57893
10122.900000000001,3.9776069390899433,-1.74692725589349,36.59185404479852
10124.900000000001,3.978552192951403,-1.74692725589349,36.59538
10126.900000000001,3.97939322099239,-1.74692725589349,36.59538
10128.900000000001,3.9804233861714904,-1.74692725589349,36.60196
10130.900000000001,3.98128402837669,-1.74692725589349,36.60525
10132.900000000001,3.98241851280727,-1.74692725589349,36.610360050724935
10134.900000000001,3.9832594187018273,-1.74692725589349,36.61512
10136.900000000001,3.984204865511472,-1.74692725589349,36.6217
10138.900000000001,3.9851904080915426,-1.74692725589349,36.625
10140.900000000001,3.986095518482878,-1.74692725589349,36.63308590752792
10142.900000000001,3.986747171714222,-1.74692725589349,36.64143
10144.900000000001,3.98762833373738,-1.74692725589349,36.64473
10146.900000000001,3.988488806540129,-1.74692725589349,36.648318145266856
10148.900000000001,3.98922541939074,-1.74692725589349,36.6513
10150.900000000001,3.99017082308288,-1.74474086383355,36.6513
10152.900000000001,3.99073806529817,-1.74692725589349,36.6546
10154.900000000001,3.9915990292442287,-1.7457172636082177,36.65788
10156.900000000001,3.99225071120561,-1.74474086383355,36.66446
10158.900000000001,3.9929025873527104,-1.74692725589349,36.67433
10160.900000000001,3.99395243785148,-1.74474086383355,36.68091
10162.900000000001,3.9947087608052,-1.74474086383355,36.6842
10164.900000000001,3.995380614203298,-1.7457176083039425,36.69078
10166.900000000001,3.99603232597421,-1.74692725589349,36.69736
10168.900000000001,3.996494945431985,-1.74692725589349,36.70065
10170.900000000001,3.9976294363466387,-1.74692725589349,36.70393
10172.900000000001,3.8596783973249735,1.24624347416682,36.70723
10174.900000000001,3.8523042467518214,1.24624347416682,36.70723
10176.900000000001,3.8473347012909644,1.24624347416682,36.70393
10178.900000000001,3.843012572554117,1.24624347416682,36.70393
10180.900000000001,3.839635837949106,1.24624347416682,36.70393
10182.900000000001,3.83663726347793,1.24624347416682,36.69736
10184.900000000001,3.833558537009951,1.24624347416682,36.69736
10186.900000000001,3.83096484132504,1.24624347416682,36.69407
10188.900000000001,3.82812863024859,1.24624347416682,36.69407
10190.900000000001,3.8261843881771433,1.24624347416682,36.69736
10192.900000000001,3.8237530598808553,1.24624347416682,36.69407
10194.900000000001,3.8214840843556734,1.24624347416682,36.69078
10196.900000000001,3.81943091628083,1.24624347416682,36.6842
10198.900000000001,3.8173243117273143,1.24842986622676,36.68091
10200.900000000001,3.815758224794613,1.24842986622676,36.68091
10202.900000000001,3.8135961247591648,1.24624347416682,36.68091
10204.900000000001,3.8116518859574438,1.24842986622676,36.67433
10206.900000000001,3.80997687935934,1.24624347416682,36.67433
10208.900000000001,3.8084375142997584,1.24624347416682,36.67151369216306
10210.900000000001,3.806735787878049,1.24624347416682,36.67105
10212.900000000001,3.805196417599266,1.24842986622676,36.66775
10214.900000000001,3.8033590535143,1.24624347416682,36.66446
10216.900000000001,3.80184640760686,1.24624347416682,36.65788
10218.900000000001,3.80033376169942,1.24624347416682,36.6513
10220.900000000001,3.79882111579198,1.24624347416682,36.6513
10222.900000000001,3.79730846988455,1.24624347416682,36.64473
10224.900000000001,3.79579582397711,1.24624347416682,36.64143
10226.900000000001,3.7944455382958426,1.24624347416682,36.64143
10228.900000000001,3.792797252450806,1.24842986622676,36.640966480832176
10230.900000000001,3.7916093269954385,1.24624347416682,36.64143
10232.900000000001,3.7902857609132976,1.24624347416682,36.63486
10234.900000000001,3.78861075591678,1.24624347416682,36.63462681943222
10236.900000000001,3.787638630127277,1.24624347416682,36.62828
10238.900000000001,3.78615270631719,1.24624347416682,36.625
10240.900000000001,3.7848024231335176,1.24624347416682,36.6217
10242.900000000001,3.7834788527452523,1.24624347416682,36.61841
10244.900000000001,3.78199293007174,1.24624347416682,36.61183
10246.900000000001,3.78085844564116,1.24624347416682,36.60855
10248.900000000001,3.77953488047215,1.24624347416682,36.60855
10250.900000000001,3.778184594567165,1.24624347416682,36.60525
10252.900000000001,3.77707683087256,1.24624347416682,36.60525
10254.900000000001,3.77594234644199,1.24624347416682,36.60855
10256.900000000001,3.774456418548881,1.24842986622676,36.60525
10258.900000000001,3.7734575776910444,1.24842986622676,36.60525
10260.900000000001,3.7725121751358244,1.24842986622676,36.60196
10262.900000000001,3.77121532798124,1.24842986622676,36.60196
10264.900000000001,3.770054123951555,1.24842986622676,36.59868
10266.900000000001,3.76913543985851,1.24842986622676,36.59538
10268.900000000001,3.7681633181519123,1.24842986622676,36.59538
10270.900000000001,3.7671912005107173,1.24842986622676,36.5921
10272.900000000001,3.76592106730521,1.24842986622676,36.58223
10274.900000000001,3.76516474435149,1.24842986622676,36.57893
10276.900000000001,3.7644351416859845,1.24624347416682,36.57565
10278.900000000001,3.76327393696719,1.24842986622676,36.57236
10280.900000000001,3.7623552499283814,1.24842986622676,36.57236
10282.900000000001,3.7614098519033137,1.24842986622676,36.57565
10284.900000000001,3.760842603349158,1.24842986622676,36.57893
10286.900000000001,3.76005956441389,1.24624347416682,36.57565
10288.900000000001,3.7594656041844723,1.24624347416682,36.56907
10290.900000000001,3.7585202025250286,1.24624347416682,36.5625
10292.900000000001,3.7576015148143,1.24624347416682,36.55591
10294.900000000001,3.756871542776568,1.24624347416682,36.55591
10296.900000000001,3.75627794964529,1.24624347416682,36.55262
10298.900000000001,3.7553592676013765,1.24624347416682,36.54605
10300.900000000001,3.754981102490628,1.24624347416682,36.5413405425063
10302.900000000001,3.75419806152256,1.24624347416682,36.53618
10304.900000000001,3.75344173856885,1.24842986622676,36.53618
10306.900000000001,3.7527945091132446,1.2465517789128486,36.53288
10308.900000000001,3.752280533626892,1.24624347416682,36.53288
10310.900000000001,3.75155093118455,1.24624347416682,36.53288
10312.900000000001,3.7506589662416463,1.24842986622676,36.53288
10314.900000000001,3.75022736601554,1.24624347416682,36.5296
10316.900000000001,3.75003828527711,1.24624347416682,36.52255609796985
10318.900000000001,3.7495799581844182,1.24624347416682,36.51643
10320.900000000001,3.74852563936967,1.24624347416682,36.51315
10322.900000000001,3.7477960355665347,1.24624347416682,36.512994558119
10324.900000000001,3.74739115493909,1.24624347416682,36.509783322354316
10326.900000000001,3.7467972494390716,1.24624347416682,36.50328
10328.900000000001,3.74644575124695,1.24624347416682,36.4967
10330.900000000001,3.745825076173202,1.246552403512145,36.49341
10332.900000000001,3.74525863378759,1.24624347416682,36.49012
10334.900000000001,3.74474402460108,1.24624347416682,36.48683
10336.900000000001,3.7441501228711047,1.24624347416682,36.48355
10338.900000000001,3.743745179438961,1.24624347416682,36.48355
10340.900000000001,3.7430155826629425,1.24624347416682,36.48025
10342.900000000001,3.7426374175520194,1.24624347416682,36.47368
10344.900000000001,3.742123613413188,1.24624347416682,36.47038
10346.900000000001,3.7413672890989833,1.24842986622676,36.4671
10348.900000000001,3.74115149057091,1.24624347416682,36.4671
10350.900000000001,3.740746609943591,1.24624347416682,36.4671
10352.900000000001,3.739990642923756,1.24624347416682,36.4671
10354.900000000001,3.73963884466347,1.24624347416682,36.4671
10356.900000000001,3.7392072417168296,1.24624347416682,36.4638
10358.900000000001,3.738640002223438,1.24842986622676,36.45723
10360.900000000001,3.7384509187628976,1.24842986622676,36.45065
10362.900000000001,3.7377213181292555,1.24842986622676,36.45065
10364.900000000001,3.73718079506389,1.24624347416682,36.44736
10366.900000000001,3.7366402121193154,1.24842986622676,36.44736
10368.900000000001,3.736262111658318,1.248120892277859,36.45065
10370.900000000001,3.73566814915645,1.24842986622676,36.45065
10372.900000000001,3.734964510744294,1.24842986622676,36.45065
10374.900000000001,3.7347227454643,1.24624347416682,36.45065
10376.900000000001,3.7347227454643,1.24624347416682,36.45065
10378.900000000001,3.733804062059185,1.24842986622676,36.44736
10380.900000000001,3.73339918029529,1.24624347416682,36.44736
10382.900000000001,3.7326962974666484,1.24842986622676,36.44078
10384.900000000001,3.73264285734157,1.24624347416682,36.44078
10386.900000000001,3.73207561512628,1.24624347416682,36.44078
10388.900000000001,3.73169745364942,1.24624347416682,36.43984420187394
10390.900000000001,3.73131929217257,1.24842986622676,36.4342
10392.900000000001,3.7307253319444897,1.24842986622676,36.433735107262585
10394.900000000001,3.7304002311932067,1.24624347416682,36.42762
10396.900000000001,3.7297799867513386,1.24842986622676,36.42433
10398.900000000001,3.72942848478827,1.24624347416682,36.42105
10400.900000000001,3.728834524560173,1.24624347416682,36.41775
10402.900000000001,3.7284563608269585,1.24624347416682,36.417361379028854
10404.900000000001,3.727942189795335,1.24624347416682,36.41446
10406.900000000001,3.727375258165238,1.24624347416682,36.41118
10408.900000000001,3.7271327992755134,1.24624347416682,36.41102457265716
10410.900000000001,3.7267546396068942,1.24624347416682,36.4046
10412.900000000001,3.726565943303872,1.24624347416682,36.4046
10414.900000000001,3.72564687001967,1.24624347416682,36.4046
10416.900000000001,3.7251330688244924,1.24624347416682,36.4013
10418.900000000001,3.7248638283641062,1.24624347416682,36.4046
10420.900000000001,3.7246747444567867,1.24842986622676,36.4046
10422.900000000001,3.7242706340607863,1.24624347416682,36.4013
10424.900000000001,3.7235403248974293,1.2465517163102426,36.39802
10426.900000000001,3.72281065894323,1.24842986622676,36.39473
10428.900000000001,3.7226215782048,1.24624347416682,36.39473
10430.900000000001,3.780391936110881,0.0010215925964232695,36.39473
10432.900000000001,3.78388373745603,0.0021863920599418,36.38815
10434.900000000001,3.7860645712036196,0.0021863920599418,36.38815
10436.900000000001,3.7880563335053314,0.0021863920599418,36.38815
10438.900000000001,3.7892789466041323,0.001019097391998326,36.38157
10440.900000000001,3.79060251209504,0.0010190936697458033,36.38157
10442.900000000001,3.7919260803262334,0.0011673337991113153,36.38157
10444.900000000001,3.792493320110636,0.0021863920599418,36.38157
10446.900000000001,3.79390501659281,0.0010191217789310592,36.38157
10448.900000000001,3.79457320506412,0.0021863920599418,36.37828
10450.900000000001,3.79541766250025,0.0,36.3717
10452.900000000001,3.7962621190906245,0.0021863920599418,36.36841
10454.900000000001,3.797031258786208,0.0,36.36512
10456.900000000001,3.797787581525182,0.0,36.36512
10458.900000000001,3.79844295431512,0.0021863920599418,36.36512
10460.900000000001,3.79901019653041,0.0021863920599418,36.362850786404366
10462.900000000001,3.799665569105502,0.0021863920599418,36.35855
10464.900000000001,3.8002328106899195,0.0021863920599418,36.35525
10466.900000000001,3.800724744457746,0.0021863920599418,36.35196
10468.900000000001,3.801367295858923,0.0021863920599418,36.34868
10470.900000000001,3.8017580109685563,0.0,36.34692277431336
10472.900000000001,3.8023130040578543,0.0021863920599418,36.34538
10474.900000000001,3.8025017802897745,0.0021863920599418,36.34063177406107
10476.900000000001,3.80279181129901,0.0,36.3388
10478.900000000001,3.8034474352736782,0.0,36.33223
10480.900000000001,3.8038256070679606,0.0,36.32893
10482.900000000001,3.80411537646802,0.0010227411741004764,36.32565
10484.900000000001,3.80468261868331,0.00116728860033436,36.32565
10486.900000000001,3.80487169942174,0.0011673264912025621,36.32236
10488.900000000001,3.8052626745777713,0.0021863920599418,36.31907
10490.900000000001,3.8055273365825646,0.0,36.31578
10492.900000000001,3.80600618385231,0.0021863920599418,36.3092
10494.900000000001,3.8060943134741683,0.0021863920599418,36.3092
10496.900000000001,3.8064852934912747,0.0,36.30591
10498.900000000001,3.8068506395971875,0.0,36.30262
10500.900000000001,3.807152975268942,0.0010220415146845083,36.29605
10502.900000000001,3.807632595401565,0.0010190936761091485,36.29605
10504.900000000001,3.8075316525163796,0.001167332543067827,36.29275
10506.900000000001,3.80789699123661,0.0011673508708392754,36.28618
10508.900000000001,3.80808607197504,0.0021863920599418,36.28618
10510.900000000001,3.80827515271347,0.0021863920599418,36.28288
10512.900000000001,3.808754263614826,0.0,36.2796
10514.900000000001,3.80884239492876,0.0021863920599418,36.2763
10516.900000000001,3.80903147566719,0.0011672800593510758,36.27302
10518.900000000001,3.8095105881529485,0.001019068057867411,36.26973
10520.900000000001,3.8094977681358926,0.0021863920599418,36.26643
10522.900000000001,3.80978779862091,0.0,36.26315
10524.900000000001,3.80997687935934,0.0011672873526737844,36.25986
10526.900000000001,3.81016596009777,0.0,36.259603638116346
10528.900000000001,3.81016596009777,0.0,36.25657
10530.900000000001,3.810455991845319,0.0021863920599418,36.255288236676996
10532.900000000001,3.8106450693067253,0.0,36.25657
10534.900000000001,3.758540438157302,1.2459953616225037,36.25657
10536.900000000001,3.75022736601554,1.27903935506595,36.25798507563731
10538.900000000001,3.7469571912510533,1.27903935506595,36.25657
10540.900000000001,3.74398770164736,1.27903935506595,36.25328
10542.900000000001,3.741879875992708,1.27903935506595,36.25279536520607
10544.900000000001,3.73963884466347,1.27903935506595,36.2467
10546.900000000001,3.7379091804856914,1.27903935506595,36.24621388766103
10548.900000000001,3.7362074865814767,1.27903935506595,36.24012
10550.900000000001,3.7346948106333864,1.2809027290701498,36.23683
10552.900000000001,3.73321009955686,1.27903935506595,36.23355
10554.900000000001,3.73169745364942,1.28122574712589,36.23025
10556.900000000001,3.73056296921885,1.27903935506595,36.23025
10558.900000000001,3.729400584435236,1.27903935506595,36.22696
10560.900000000001,3.7279437734775027,1.27903935506595,36.22368
10562.900000000001,3.726809289046723,1.2809027317810542,36.22038
10564.900000000001,3.7258638788354084,1.27903935506595,36.22038
10566.900000000001,3.725212838881643,1.27903935506595,36.22038
10568.900000000001,3.7239172430208862,1.27903935506595,36.22038
10570.900000000001,3.7229718019159184,1.27903935506595,36.2171
10572.900000000001,3.72205433598951,1.27903935506595,36.2138
10574.900000000001,3.721270086543324,1.27903935506595,36.21052
10576.900000000001,3.72016352860521,1.27903935506595,36.21052
10578.900000000001,3.7192460198442143,1.27903935506595,36.21052
10580.900000000001,3.71846180195934,1.2793623968541412,36.20723
10582.900000000001,3.718216910060655,1.27903935506595,36.20723
10584.900000000001,3.7170823644281206,1.2793623887343235,36.20723
10586.900000000001,3.716543054342845,1.27903935506595,36.20723
10588.900000000001,3.71581467162133,1.27903935506595,36.21052
10590.900000000001,3.715030412486725,1.27903935506595,36.21052
10592.900000000001,3.714624406224591,1.280903241876233,36.20723
10594.900000000001,3.7137347834986,1.28122574712589,36.20393
10596.900000000001,3.71297846054488,1.27903935506595,36.20065
10598.900000000001,3.7122779325884947,1.27903935506595,36.20065
10600.900000000001,3.711682833375329,1.27903935506595,36.19736
10602.900000000001,3.7109544020286847,1.27903935506595,36.19736
10604.900000000001,3.7103592677381343,1.27903935506595,36.19407
10606.900000000001,3.70992523073057,1.2793624097601068,36.19078
10608.900000000001,3.7095192163543214,1.27903935506595,36.19078
10610.900000000001,3.7087628060680755,1.27903935506595,36.19078
10612.900000000001,3.708090253179738,1.27903935506595,36.190456946911524
10614.900000000001,3.70749511913042,1.27903935506595,36.187742298024276
10616.900000000001,3.7067387961767,1.27903935506595,36.19078
10618.900000000001,3.7061994930773072,1.27903935506595,36.19078
10620.900000000001,3.705954535457895,1.27903935506595,36.19407
10622.900000000001,3.7051985682471487,1.27903935506595,36.19407
10624.900000000001,3.70465890805397,1.27903935506595,36.19078
10626.900000000001,3.7042528061106395,1.27903935506595,36.19078
10628.900000000001,3.70352442362339,1.27903935506595,36.1875
10630.900000000001,3.70314626214653,1.27903935506595,36.1875
10632.900000000001,3.70257901993124,1.27903935506595,36.1875
10634.900000000001,3.70201177771595,1.27903935506595,36.1875
10636.900000000001,3.7012833943463486,1.27903935506595,36.1875
10638.900000000001,3.70087729328538,1.27903935506595,36.1875
10640.900000000001,3.7003659265998197,1.2809026951440727,36.1875
10642.900000000001,3.699904137952201,1.27903935506595,36.1875
10644.900000000001,3.6993925824417615,1.27903935506595,36.1842
10646.900000000001,3.698853289264338,1.27903935506595,36.1842
10648.900000000001,3.698258033207808,1.27903935506595,36.1875
10650.900000000001,3.69801314421005,1.27903935506595,36.1875
10652.900000000001,3.6976351030209385,1.27903935506595,36.1875
10654.900000000001,3.69671751703992,1.27903935506595,36.18091
10656.900000000001,3.69633935556306,1.27903935506595,36.18373128137174
10658.900000000001,3.695989071338614,1.27903935506595,36.18091
10660.900000000001,3.695527153909872,1.27903935506595,36.17762
10662.900000000001,3.69496025873162,1.27903935506595,36.17762
10664.900000000001,3.6944206077132895,1.27903935506595,36.17762
10666.900000000001,3.69388130596348,1.27903935506595,36.17433
10668.900000000001,3.693341943098915,1.2809033706026767,36.17433
10670.900000000001,3.693069107011535,1.28122574712589,36.17433
10672.900000000001,3.6925299709033657,1.27903935506595,36.17762
10674.900000000001,3.691962561931132,1.27903935506595,36.17762
10676.900000000001,3.69139531431358,1.28122574712589,36.17762
10678.900000000001,3.6908838876206063,1.27903935506595,36.17762
10680.900000000001,3.69031671263328,1.27903935506595,36.17762
10682.900000000001,3.690071835621593,1.27903935506595,36.17433
10684.900000000001,3.68972152971802,1.27903935506595,36.17433
10686.900000000001,3.6889372665328657,1.27903935506595,36.17762
10688.900000000001,3.688614919792696,1.27903935506595,36.17762
10690.900000000001,3.6883420894879695,1.27903935506595,36.18091
10692.900000000001,3.6874247702021505,1.27903935506595,36.18091
10694.900000000001,3.6870464589143097,1.27903935506595,36.1842
10696.900000000001,3.686829431840733,1.28122574712589,36.1842
10698.900000000001,3.6864792820109407,1.27903935506595,36.18091
10700.900000000001,3.685750834211,1.27903935506595,36.17762
10702.900000000001,3.6852113510591598,1.27903935506595,36.17105
10704.900000000001,3.6847774956900397,1.27903935506595,36.16775
10706.900000000001,3.68404910756513,1.27903935506595,36.17105
10708.900000000001,3.683832145378104,1.27903935506595,36.17433
10710.900000000001,3.683131641871542,1.27903935506595,36.17105
10712.900000000001,3.68272554239612,1.27903935506595,36.17105
10714.900000000001,3.68215830018083,1.27903935506595,36.17105
10716.900000000001,3.6819692194424,1.27903935506595,36.16775
10718.900000000001,3.6812407730409524,1.27903935506595,36.16446
10720.900000000001,3.68102381575025,1.27903935506595,36.16446
10722.900000000001,3.68026749279653,1.27903935506595,36.16446
10724.900000000001,3.6800784120581,1.27903935506595,36.16734367171668
10726.900000000001,3.67970025058125,1.27903935506595,36.16478363470248
10728.900000000001,3.6791050699542516,1.27903935506595,36.16775
10730.900000000001,3.6787269077745233,1.27903935506595,36.16775
10732.900000000001,3.678349071073874,1.27903935506595,36.16775
10734.900000000001,3.67780944319695,1.27903935506595,36.16775
10736.900000000001,3.67727013986187,1.27903935506595,36.16775
10738.900000000001,3.67667495876637,1.27903935506595,36.16775
10740.900000000001,3.676324736403883,1.27903935506595,36.16775
10742.900000000001,3.67591863581265,1.27903935506595,36.16775
10744.900000000001,3.675379332711843,1.27903935506595,36.16775
10746.900000000001,3.6750011737013755,1.27903935506595,36.17105
10748.900000000001,3.6744339290197865,1.27903935506595,36.17105
10750.900000000001,3.6739998874954107,1.27903935506595,36.17105
10752.900000000001,3.67364966695149,1.27903935506595,36.17105
10754.900000000001,3.673243567710759,1.27903935506595,36.17105
10756.900000000001,3.6727322037238297,1.27903935506595,36.17105
10758.900000000001,3.6721649572232944,1.27903935506595,36.17433
10760.900000000001,3.6719200025419796,1.27903935506595,36.17762
10762.900000000001,3.671352760092781,1.27903935506595,36.18091
10764.900000000001,3.6707855205783004,1.27903935506595,36.1842
10766.900000000001,3.6702741563565593,1.27903935506595,36.18091
10768.900000000001,3.67005713292133,1.27903935506595,36.18091
10770.900000000001,3.66967897144447,1.27903935506595,36.18091
10772.900000000001,3.6691396688112623,1.2809026741310943,36.1842
10774.900000000001,3.66854448701389,1.27903935506595,36.1875
10776.900000000001,3.6683274649291864,1.27903935506595,36.1875
10778.900000000001,3.66778816406017,1.27903935506595,36.1842
10780.900000000001,3.6675711442079337,1.27903935506595,36.1842
10782.900000000001,3.6668148214885767,1.27903935506595,36.18091
10784.900000000001,3.66646459889116,1.27903935506595,36.18091
10786.900000000001,3.6661143778784466,1.27903935506595,36.18091
10788.900000000001,3.6656803386965082,1.27903935506595,36.18091
10790.900000000001,3.6653021769316023,1.27903935506595,36.1842
10792.900000000001,3.664601730620334,1.27903935506595,36.1842
10794.900000000001,3.66422356597446,1.27903935506595,36.1842
10796.900000000001,3.66381746855315,1.2793624382590276,36.1875
10798.900000000001,3.663467246190096,1.27903935506595,36.1875
10800.900000000001,3.723056483265408,0.0015302505513524328,36.1875
10802.900000000001,3.726649014601639,0.0021863920599418,36.1875
10804.900000000001,3.729485228372128,0.0006561415098620042,36.1875
10806.900000000001,3.73169745364942,0.0,36.1875
10808.900000000001,3.7337205970791505,0.0,36.1842
10810.900000000001,3.7351576483065796,0.0015302762024829637,36.18091
10812.900000000001,3.736670292153717,0.0,36.18091
10814.900000000001,3.73831527949447,0.0,36.1842
10816.900000000001,3.739695588722793,0.0015302450521466286,36.1842
10818.900000000001,3.74096240983248,0.0,36.18091
10820.900000000001,3.74196455488994,0.000656115856186178,36.18091
10822.900000000001,3.74304229795521,0.0,36.18091
10824.900000000001,3.74417678238579,0.0,36.17762
10826.900000000001,3.7448006078985534,0.0,36.17105
10828.900000000001,3.745935251030642,0.0,36.16775
10830.900000000001,3.746748315666568,0.0006561213520868405,36.16446
10832.900000000001,3.7476369719709957,0.0,36.16446
10834.900000000001,3.74852563936967,0.0,36.15788
10836.900000000001,3.7491496267529456,0.0021863920599418,36.15788
10838.900000000001,3.749792462697828,0.001530270704927702,36.15903484624619
10840.900000000001,3.75041644675397,0.0,36.15788
10842.900000000001,3.7510404319193293,0.0021863920599418,36.15788
10844.900000000001,3.75179639598694,0.0,36.15788
10846.900000000001,3.7524963348767,0.0,36.1546
10848.900000000001,3.752987983204216,0.0,36.1546
10850.900000000001,3.7533094007799392,0.0,36.1513
10852.900000000001,3.75400898078413,0.0,36.1513
10854.900000000001,3.754652480814226,0.0,36.14802
10856.900000000001,3.7550868677276346,0.0,36.14473
10858.900000000001,3.75552162669157,0.0,36.14456494552351
10860.900000000001,3.75589978816843,0.0,36.14143
10862.900000000001,3.75646703038372,0.0,36.14143
10864.900000000001,3.756788450020278,0.0,36.13486
10866.900000000001,3.7570910149146863,0.0,36.13486
10868.900000000001,3.7576015148143,0.0006561579973182102,36.13486
10870.900000000001,3.75803641924058,0.0,36.13157
10872.900000000001,3.75835783776802,0.0,36.13157
10874.900000000001,3.758470651105619,0.0,36.125
10876.900000000001,3.75898167715846,0.0015319435138332418,36.1217
10878.900000000001,3.7594355813094853,0.0,36.1217
10880.900000000001,3.759473468881126,0.0,36.1217
10882.900000000001,3.759983969574278,0.0,36.1217
10884.900000000001,3.760305388734967,0.0,36.11841
10886.900000000001,3.760551214007965,0.0,36.11841
10888.900000000001,3.760683548469262,0.0,36.11841
10890.900000000001,3.76100496810604,0.0,36.11512
10892.900000000001,3.7612507902091163,0.0,36.11183
10894.900000000001,3.76189399141551,0.0,36.11183
10896.900000000001,3.762006960770245,0.0,36.10855
10898.900000000001,3.76213945253661,0.0,36.10855
10900.900000000001,3.762574354902233,0.0,36.10855
10902.900000000001,3.7626499527539092,0.0,36.10855
10904.900000000001,3.7627066947519,0.0,36.10855
10906.900000000001,3.7631414387413025,0.0,36.10525
10908.900000000001,3.76327393696719,0.0,36.10196
10910.900000000001,3.7637088402841647,0.0,36.09730474375438
10912.900000000001,3.76384117918248,0.0,36.09538
10914.900000000001,3.76403025992091,0.0,36.0921
10916.900000000001,3.764162597076726,0.0,36.09538
10918.900000000001,3.7642760831325406,0.0,36.0921
10920.900000000001,3.7645975021362,0.0,36.08552
10922.900000000001,3.7645975021362,0.0,36.08552
10924.900000000001,3.76478658287463,0.0,36.08552
10926.900000000001,3.765088859209767,0.0015319363075586099,36.08223
10928.900000000001,3.7651080014028517,0.0015302578952927264,36.08223
10930.900000000001,3.7654861644641078,0.0,36.07893
10932.900000000001,3.765410567563011,0.0,36.07565
10934.900000000001,3.7654666352496085,0.0015341647641549526,36.07565
10936.900000000001,3.765864469657652,0.0,36.07236
10938.900000000001,3.76592106730521,0.0,36.07236
10940.900000000001,3.76611014804364,0.0,36.07236
10942.900000000001,3.76629922878207,0.0,36.07236
10944.900000000001,3.7663554368752674,0.0,36.07236
10946.900000000001,3.766544480819467,0.0,36.07236
10948.900000000001,3.7666212426842356,0.0,36.06907
10950.900000000001,3.7664883095205,0.0,36.06907
10952.900000000001,3.76705555173579,0.0,36.0625
10954.900000000001,3.766923000599438,0.0,36.0625
10956.900000000001,3.7671884797708173,0.0,36.0592
10958.900000000001,3.7671678367818973,0.0,36.0592
10960.900000000001,3.7673775966671768,0.0006488908942951167,36.05591
10962.900000000001,3.7673775113239123,0.001536514318245012,36.05591
10964.900000000001,3.767566621777526,0.0,36.05591
10966.900000000001,3.767868020236201,0.0,36.05262
10968.900000000001,3.76800095542794,0.0,36.05262
10970.900000000001,3.7679448245177287,0.0,36.04933
10972.900000000001,3.76800095542794,0.0,36.04605
10974.900000000001,3.7681338432780453,0.0,36.048556908905
10976.900000000001,3.76832296128187,0.0,36.04933
10978.900000000001,3.7683791169048,0.0,36.04605
10980.900000000001,3.7684352549217364,0.0021863920599418,36.04275
10982.900000000001,3.768813471752738,0.0,36.04275
10984.900000000001,3.76875727838165,0.0,36.03946
10986.900000000001,3.7687011178005343,0.0,36.03618
10988.900000000001,3.76875727838165,0.0,36.03618
10990.900000000001,3.7688901924035854,0.0,36.03946
10992.900000000001,3.76894635912008,0.0,36.03618
10994.900000000001,3.76913543985851,0.0,36.03288
10996.900000000001,3.76932452059694,0.0021863920599418,36.0296
10998.900000000001,3.7692477359478898,0.0,36.0296
11000.900000000001,3.769380653041961,0.0,36.0296
11002.900000000001,3.769646474876452,0.0006499391266043043,36.0296
11004.900000000001,3.7693810876704306,0.0,36.0296
11006.900000000001,3.769569755075552,0.0,36.0263
11008.900000000001,3.717560787527041,1.2272618387461494,36.0263
11010.900000000001,3.7106047604746903,1.24405708210688,36.0296
11012.900000000001,3.70692787691513,1.2430819933760842,36.0263
11014.900000000001,3.7039869514037616,1.24405708210688,36.0263
11016.900000000001,3.7016336162391,1.24405708210688,36.02302
11018.900000000001,3.6992802849523936,1.24405708210688,36.02302
11020.900000000001,3.697348797658489,1.24405708210688,36.02302
11022.900000000001,3.695562600363191,1.24405708210688,36.01973
11024.900000000001,3.693398391699132,1.24405708210688,36.01973
11026.900000000001,3.6918857449140527,1.24405708210688,36.01973
11028.900000000001,3.69047785267174,1.24405708210688,36.01973
11030.900000000001,3.6888604938101546,1.24405708210688,36.01973
11032.900000000001,3.68726348011843,1.24405708210688,36.01973
11034.900000000001,3.68612899568786,1.24405708210688,36.01973
11036.900000000001,3.68442726904199,1.24405708210688,36.01973
11038.900000000001,3.68310370387298,1.24405708210688,36.01643
11040.900000000001,3.68178013870397,1.24405708210688,36.01643
11042.900000000001,3.680919062085075,1.24405708210688,36.01643
11044.900000000001,3.67951116984282,1.24405708210688,36.014612804548925
11046.900000000001,3.67837668541224,1.24405708210688,36.01496724448209
11048.900000000001,3.677137586712113,1.24405708210688,36.01643
11050.900000000001,3.6761920422111447,1.24405708210688,36.01643
11052.900000000001,3.67516231285893,1.24405708210688,36.01643
11054.900000000001,3.673923073178719,1.24405708210688,36.01643
11056.900000000001,3.6729776705356674,1.24405708210688,36.01315
11058.900000000001,3.67194794030563,1.24405708210688,36.01315
11060.900000000001,3.67091821165995,1.24405708210688,36.01643
11062.900000000001,3.670161885708254,1.24405708210688,36.01643
11064.900000000001,3.66930080996761,1.24405708210688,36.01973
11066.900000000001,3.66854448701389,1.24405708210688,36.01973
11068.900000000001,3.66741000258331,1.24405708210688,36.02302
11070.900000000001,3.6667380052899357,1.24405708210688,36.02302
11072.900000000001,3.6660864374143,1.24405708210688,36.02302
11074.900000000001,3.665161465966813,1.24405708210688,36.02302
11076.900000000001,3.66438471076844,1.24405708210688,36.02302
11078.900000000001,3.66343930707629,1.24405708210688,36.02302
11080.900000000001,3.6629563906927154,1.24405708210688,36.02302
11082.900000000001,3.66192666116885,1.24405708210688,36.01973
11084.900000000001,3.6614437432006164,1.24405708210688,36.01973
11086.900000000001,3.66060309599984,1.24405708210688,36.01973
11088.900000000001,3.6599311229415505,1.24405708210688,36.01643
11090.900000000001,3.6592590982437474,1.24405708210688,36.01643
11092.900000000001,3.65852320787711,1.24405708210688,36.01973
11094.900000000001,3.6578512089992685,1.24405708210688,36.02302
11096.900000000001,3.657094884631907,1.24405708210688,36.02302
11098.900000000001,3.65663240049282,1.24405708210688,36.02302
11100.900000000001,3.65606515827753,1.24405708210688,36.0263
11102.900000000001,3.65530883532381,1.24405708210688,36.0296
11104.900000000001,3.6548259205251266,1.24405708210688,36.0296
11106.900000000001,3.6542586756756434,1.24405708210688,36.0296
11108.900000000001,3.6536917361511483,1.24405708210688,36.0296
11110.900000000001,3.65322894720108,1.24405708210688,36.031417210667044
11112.900000000001,3.65247262424736,1.24405708210688,36.0296
11114.900000000001,3.652199208340106,1.24405708210688,36.0296
11116.900000000001,3.6514224656485563,1.24405708210688,36.03288
11118.900000000001,3.65095997833992,1.24405708210688,36.03409851557729
11120.900000000001,3.65039273612464,1.24405708210688,36.03618
11122.900000000001,3.64982549390935,1.24405708210688,36.03618
11124.900000000001,3.649173927617641,1.24405708210688,36.03618
11126.900000000001,3.6487753335548097,1.24405708210688,36.03946
11128.900000000001,3.6482081175012153,1.24405708210688,36.03946
11130.900000000001,3.64774560578662,1.24405708210688,36.04275
11132.900000000001,3.64736744430976,1.24405708210688,36.04605
11134.900000000001,3.64661112135604,1.24405708210688,36.04605
11136.900000000001,3.64623295987918,1.24405708210688,36.04275
11138.900000000001,3.645581392880657,1.24405708210688,36.04275
11140.900000000001,3.645182799695987,1.24405708210688,36.04275
11142.900000000001,3.64453123323331,1.24405708210688,36.04605
11144.900000000001,3.6440483166789903,1.24405708210688,36.04275
11146.900000000001,3.6436905886658764,1.24405708210688,36.04605
11148.900000000001,3.6432919889716664,1.24405708210688,36.04275
11150.900000000001,3.642745183046635,1.24405708210688,36.04933
11152.900000000001,3.64226226437216,1.24405708210688,36.05262
11154.900000000001,3.64207318363373,1.24405708210688,36.05591
11156.900000000001,3.64131686068001,1.24405708210688,36.05591
11158.900000000001,3.6406448547574395,1.24405708210688,36.05591
11160.900000000001,3.6402871216926025,1.24405708210688,36.0592
11162.900000000001,3.63980421477257,1.24405708210688,36.0592
11164.900000000001,3.6395103743740362,1.24405708210688,36.0625
11166.900000000001,3.639132215017604,1.24405708210688,36.0625
11168.900000000001,3.63829156886513,1.24405708210688,36.0625
11170.900000000001,3.637997726882219,1.24405708210688,36.0625
11172.900000000001,3.63753524591141,1.24405708210688,36.0592
11174.900000000001,3.63715708443455,1.24405708210688,36.0625
11176.900000000001,3.6366946029282348,1.24405708210688,36.0625
11178.900000000001,3.6362116807424,1.24405708210688,36.06578
11180.900000000001,3.6359178371749774,1.24405708210688,36.06578
11182.900000000001,3.63526627705026,1.24405708210688,36.06578
11184.900000000001,3.6348881155734,1.24405708210688,36.06578
11186.900000000001,3.63432087335811,1.24405708210688,36.06578
11188.900000000001,3.63394271188125,1.24405708210688,36.06578
11190.900000000001,3.63356455040439,1.24405708210688,36.06907
11192.900000000001,3.688506830966668,0.0,36.07236
11194.900000000001,3.6932339899969593,0.0,36.07565
11196.900000000001,3.696393886948626,0.0,36.07893
11198.900000000001,3.698851809003696,0.0,36.07893
11200.900000000001,3.7008228255666675,0.0,36.07893
11202.900000000001,3.702633450424897,0.0,36.07893
11204.900000000001,3.704415297057487,0.0,36.07893
11206.900000000001,3.705658841546953,0.0,36.07861276630706
11208.900000000001,3.7071714863265703,0.0,36.07877138643415
11210.900000000001,3.70825144208414,0.0,36.07565
11212.900000000001,3.709898778904027,0.0,36.07565
11214.900000000001,3.71089857242215,0.0,36.06907
11216.900000000001,3.7118439761143,0.0,36.06907
11218.900000000001,3.712654829325603,0.0,36.06907
11220.900000000001,3.713869335106917,0.0,36.06578
11222.900000000001,3.7148148105529435,0.0,36.06578
11224.900000000001,3.71581467162133,0.0,36.0625
11226.900000000001,3.7164362708840777,0.0,36.0625
11228.900000000001,3.7174073368382285,0.0,36.0625
11230.900000000001,3.71808364048248,0.0,36.0592
11232.900000000001,3.7187599440665715,0.0,36.0592
11234.900000000001,3.7195417543041986,0.0,36.0592
11236.900000000001,3.72016352860521,0.0,36.0592
11238.900000000001,3.720676238764561,0.0006305690103965762,36.05591
11240.900000000001,3.72148709377422,0.0,36.05591
11242.900000000001,3.72205433598951,0.0,36.05262
11244.900000000001,3.72254155347077,0.0,36.04605
11246.900000000001,3.723323372485952,0.0,36.04275
11248.900000000001,3.72375606263538,0.0,36.04275
11250.900000000001,3.7241887519005266,0.0,36.03946
11252.900000000001,3.7245668628253217,0.0,36.03946
11254.900000000001,3.72507962780438,0.0,36.03618
11256.900000000001,3.72564687001967,0.0,36.03618
11258.900000000001,3.726294136055217,0.0,36.03618
11260.900000000001,3.7266468039689924,0.0015558438491680075,36.03618
11262.900000000001,3.7268903721072077,0.0,36.03288
11264.900000000001,3.727294069334406,0.0,36.0296
11266.900000000001,3.7277267581424,0.0,36.0263
11268.900000000001,3.72810491961926,0.0,36.0263
11270.900000000001,3.728348530614674,0.0,36.0241870294468
11272.900000000001,3.72867216183455,0.0021863920599418,36.02302
11274.900000000001,3.729184876718769,0.0,36.01973
11276.900000000001,3.7296175655267,0.0,36.01643
11278.900000000001,3.729941196746466,0.0,36.01315
11280.900000000001,3.73018480774199,0.0,36.00986
11282.900000000001,3.7304283379531595,0.0,36.00986
11284.900000000001,3.730806580214154,0.0,36.00657
11286.900000000001,3.730995660495523,0.0,36.00657
11288.900000000001,3.73131929217257,0.0,36.00657
11290.900000000001,3.731428353599891,0.0,36.00593552199314
11292.900000000001,3.73188653438785,0.0,36.00657
11294.900000000001,3.73207561512628,0.0,36.00657
11296.900000000001,3.732508101986891,0.0,36.00328
11298.900000000001,3.7325083068599825,0.0,36.00328
11300.900000000001,3.7328864669655353,0.0,36.00328
11302.900000000001,3.73302101881843,0.0,36.00328
11304.900000000001,3.73321009955686,0.0015558540808225077,36.00328
11306.900000000001,3.7337228115156673,0.0,36.0
11308.900000000001,3.73358826103372,0.0,36.0
11310.900000000001,3.7336427922043676,0.0,35.9967
11312.900000000001,3.73415550324901,0.0006297262844264879,35.99341
11314.900000000001,3.7342900534876504,0.0,35.99341
11316.900000000001,3.7345879996137024,0.0,35.99012
11318.900000000001,3.73453366472587,0.0,35.98683
11320.900000000001,3.7347227454643,0.0,35.98355
11322.900000000001,3.7350463753433574,0.0,35.98355
11324.900000000001,3.7350463773553173,0.00155585161193842,35.98355
11326.900000000001,3.7352354594645907,0.0,35.98355
11328.900000000001,3.7356136200276895,0.0,35.98355
11330.900000000001,3.7356136200278294,0.0,35.98355
11332.900000000001,3.735722599517002,0.0,35.98025
11334.900000000001,3.7359117567680014,0.0,35.97696
11336.900000000001,3.73585722989488,0.0,35.97368
11338.900000000001,3.7362899049248632,0.0,35.97038
11340.900000000001,3.736289893549888,0.0021863920599418,35.97038
11342.900000000001,3.7366680821908997,0.0,35.9671
11344.900000000001,3.7365590261891506,0.0,35.9638
11346.900000000001,3.7367481047016047,0.0,35.96052
11348.900000000001,3.737126265021448,0.0006305457277836229,35.95723
11350.900000000001,3.737126264350448,0.0,35.96052
11352.900000000001,3.73704616514239,0.0021863920599418,35.95723
11354.900000000001,3.73718079506389,0.0,35.95723
11356.900000000001,3.73736987580232,0.0015579591296226596,35.95723
11358.900000000001,3.7376935065662886,0.0,35.95393
11360.900000000001,3.737613484084249,0.0,35.95393
11362.900000000001,3.73774803727918,0.0,35.95393
11364.900000000001,3.737882587975386,0.0,35.95065
11366.900000000001,3.73793711801761,0.0,35.95065
11368.900000000001,3.6774664909553487,1.30527605978525,35.94975483397255
11370.900000000001,3.6730824247362,1.30746245184519,35.94736
11372.900000000001,3.66967897144447,1.30746245184519,35.94736
11374.900000000001,3.66703184110645,1.30746245184519,35.94736
11376.900000000001,3.66457379150687,1.30746245184519,35.94407
11378.900000000001,3.662340029892128,1.30746245184519,35.94407
11380.900000000001,3.66041401526141,1.30746245184519,35.94407
11382.900000000001,3.6581802588816617,1.30746245184519,35.94407
11384.900000000001,3.6565971816407083,1.30746245184519,35.94078
11386.900000000001,3.654812012169187,1.30746245184519,35.94078
11388.900000000001,3.6530750737091986,1.30746245184519,35.94078
11390.900000000001,3.6512546912105543,1.30746245184519,35.9375
11392.900000000001,3.649979361389794,1.30746245184519,35.9375
11394.900000000001,3.64831284800191,1.30746245184519,35.9375
11396.900000000001,3.646835409045825,1.30527605978525,35.9375
11398.900000000001,3.6455470508286516,1.30527605978525,35.9342
11400.900000000001,3.644188279702194,1.30746245184519,35.9342
11402.900000000001,3.643326315138729,1.30746245184519,35.9375
11404.900000000001,3.6418841028953,1.30746245184519,35.9375
11406.900000000001,3.640406665523982,1.30746245184519,35.9375
11408.900000000001,3.63923697255728,1.30746245184519,35.94078
11410.900000000001,3.6381024881267,1.30746245184519,35.94407
11412.900000000001,3.63696800369612,1.30746245184519,35.94736
11414.900000000001,3.6356796554998927,1.30746245184519,35.94736
11416.900000000001,3.63507719631183,1.30746245184519,35.94736
11418.900000000001,3.6335997586453233,1.30746245184519,35.94736
11420.900000000001,3.6329973081891,1.30746245184519,35.94736
11422.900000000001,3.6317089565737612,1.30746245184519,35.94736
11424.900000000001,3.6308822179782294,1.30746245184519,35.94736
11426.900000000001,3.6299368078377885,1.30746245184519,35.94736
11428.900000000001,3.6292156934205,1.30746245184519,35.94736
11430.900000000001,3.628116558363407,1.30746245184519,35.94736
11432.900000000001,3.627171044953242,1.30746245184519,35.950036830898625
11434.900000000001,3.62656856308249,1.30746245184519,35.95065
11436.900000000001,3.625658366637329,1.30746245184519,35.95393
11438.900000000001,3.62486683643662,1.30746245184519,35.95393
11440.900000000001,3.6239566412810325,1.30746245184519,35.95454448972339
11442.900000000001,3.62316510979075,1.30746245184519,35.95723
11444.900000000001,3.6225626384080742,1.30746245184519,35.95723
11446.900000000001,3.6218767525682956,1.30746245184519,35.95723
11448.900000000001,3.62108522166802,1.30527605978525,35.95766945250477
11450.900000000001,3.6203641069558907,1.30527605978525,35.96052
11452.900000000001,3.6196078100667637,1.30527605978525,35.9638
11454.900000000001,3.61919441428373,1.30527605978525,35.9671
11456.900000000001,3.6182842181339665,1.30527605978525,35.9671
11458.900000000001,3.61787084911472,1.30527605978525,35.9671
11460.900000000001,3.61692544542257,1.30527605978525,35.9671
11462.900000000001,3.616204330491776,1.30746245184519,35.9671
11464.900000000001,3.61560188025356,1.30746245184519,35.97038
11466.900000000001,3.6149994297963386,1.30527605978525,35.97038
11468.900000000001,3.61446739582298,1.30746245184519,35.97038
11470.900000000001,3.61390015360769,1.30746245184519,35.97038
11472.900000000001,3.61314383065398,1.30746245184519,35.97368
11474.900000000001,3.612611817311332,1.30746245184519,35.97368
11476.900000000001,3.61219842696183,1.30746245184519,35.97368
11478.900000000001,3.61163118474654,1.30746245184519,35.97696
11480.900000000001,3.61106394253125,1.30746245184519,35.98025
11482.900000000001,3.6106505449743826,1.30746245184519,35.97696
11484.900000000001,3.6101537790187392,1.30746245184519,35.97696
11486.900000000001,3.6092083436842826,1.30746245184519,35.97696
11488.900000000001,3.608830214775732,1.30746245184519,35.98025
11490.900000000001,3.608381467079815,1.30746245184519,35.98355
11492.900000000001,3.60784956997794,1.30746245184519,35.98683
11494.900000000001,3.607435981526815,1.30746245184519,35.98683
11496.900000000001,3.606868828600929,1.30746245184519,35.98683
11498.900000000001,3.606183046710738,1.30746245184519,35.98683
11500.900000000001,3.6059235556408638,1.30746245184519,35.99012
11502.900000000001,3.605083784085121,1.30746245184519,35.99310271975046
11504.900000000001,3.60463519742464,1.30746245184519,35.99341
11506.900000000001,3.6039493766356046,1.30746245184519,35.9967
11508.900000000001,3.60387887447092,1.30746245184519,35.99608734478256
11510.900000000001,3.603157758470096,1.30746245184519,36.0
11512.900000000001,3.602625723207221,1.30746245184519,36.00266926193292
11514.900000000001,3.60236622856348,1.30746245184519,36.00328
11516.900000000001,3.6019528601340207,1.30746245184519,36.00657
11518.900000000001,3.6012669558396153,1.30746245184519,36.00986
11520.900000000001,3.60085358265604,1.30746245184519,36.00986
11522.900000000001,3.60047542117918,1.30746245184519,36.01315
11524.900000000001,3.59990817896389,1.30746245184519,36.00986
11526.900000000001,3.599494813113516,1.30746245184519,36.01315
11528.900000000001,3.598808905650014,1.30746245184519,36.01643
11530.900000000001,3.5987384872854706,1.30746245184519,36.01643
11532.900000000001,3.597709628576601,1.30746245184519,36.01643
11534.900000000001,3.59745012936431,1.30746245184519,36.01973
11536.900000000001,3.59688288714902,1.30746245184519,36.01973
11538.900000000001,3.59669380641059,1.30527605978525,36.02302
11540.900000000001,3.5961265641953,1.3070553259342987,36.0263
11542.900000000001,3.59574840271844,1.30746245184519,36.0296
11544.900000000001,3.5952516297450576,1.30746245184519,36.0296
11546.900000000001,3.59480299902629,1.30746245184519,36.0296
11548.900000000001,3.594270970211836,1.30746245184519,36.0296
11550.900000000001,3.594011466834979,1.30746245184519,36.0296
11552.900000000001,3.593703725122464,1.30746245184519,36.0296
11554.900000000001,3.59291219164199,1.30746245184519,36.03288
11556.900000000001,3.592415429571562,1.30746245184519,36.03618
11558.900000000001,3.5922745260119897,1.30746245184519,36.03618
11560.900000000001,3.59196678794984,1.30746245184519,36.03618
11562.900000000001,3.59139954573455,1.30746245184519,36.03946
11564.900000000001,3.59064322278084,1.30746245184519,36.03946
11566.900000000001,3.590300266268231,1.30746245184519,36.04275
11568.900000000001,3.58988689982712,1.30746245184519,36.04584514929336
11570.900000000001,3.58969781908869,1.30527605978525,36.04605
11572.900000000001,3.5891305768734,1.30527605978525,36.04605
11574.900000000001,3.5884094700862468,1.30746245184519,36.04605
11576.900000000001,3.58818517318125,1.30746245184519,36.04933
11578.900000000001,3.58784221954328,1.30746245184519,36.04994261549383
11580.900000000001,3.5872749767376217,1.30746245184519,36.05529739477855
11582.900000000001,3.58686160801224,1.30746245184519,36.05591
11584.900000000001,3.5866368895100407,1.30746245184519,36.05591
11586.900000000001,3.586259158843463,1.30746245184519,36.05591
11588.900000000001,3.58572712358166,1.30746245184519,36.05591
11590.900000000001,3.585313753271498,1.30746245184519,36.0592
11592.900000000001,3.58497080062794,1.30746245184519,36.0592
11594.900000000001,3.58459263915108,1.30746245184519,36.0625
11596.900000000001,3.58402539693579,1.30746245184519,36.06578
11598.900000000001,3.583304287088587,1.30746245184519,36.06907
11600.900000000001,3.582961330171978,1.30746245184519,36.06907
11602.900000000001,3.582855702972135,1.30746245184519,36.06907
11604.900000000001,3.5826665533680098,1.30746245184519,36.07236
11606.900000000001,3.6423765055246595,0.0,36.07236
11608.900000000001,3.64642204061761,0.0,36.07565
11610.900000000001,3.64925825169406,0.0,36.07565
11612.900000000001,3.6514897985334986,0.0,36.07565
11614.900000000001,3.653644527843693,0.0,36.07893
11616.900000000001,3.65568699680067,0.0,36.07565
11618.900000000001,3.65719964270811,0.0,36.07893
11620.900000000001,3.65890136935397,0.0,36.07893
11622.900000000001,3.66041401526141,0.0,36.07893
11624.900000000001,3.66170016380665,0.0,36.07565
11626.900000000001,3.66306114559943,0.0,36.07565
11628.900000000001,3.66419563003001,0.0,36.07236
11630.900000000001,3.6654051439538495,0.0,36.06907
11632.900000000001,3.66665367962959,0.0,36.06907
11634.900000000001,3.66741000258331,0.0,36.06907
11636.900000000001,3.668696149543467,0.0,36.06907
11638.900000000001,3.669641196896054,0.0,36.06610763918692
11640.900000000001,3.67043529439819,0.0,36.06578
11642.900000000001,3.67119161735191,0.0004327540512076074,36.0625
11644.900000000001,3.6722886740488554,0.0,36.0651307378523
11646.900000000001,3.6730824247362,0.0,36.0625
11648.900000000001,3.6737251110020837,0.0,36.0592
11650.900000000001,3.67459507064364,0.0,36.0592
11652.900000000001,3.6751248889382984,0.0,36.0592
11654.900000000001,3.6759560587756,0.0,36.05591
11656.900000000001,3.6767123807886315,0.0,36.05262
11658.900000000001,3.6772798897677137,0.0,36.04933
11660.900000000001,3.677961031514419,0.0,36.04605
11662.900000000001,3.6787174207400617,0.0,36.04605
11664.900000000001,3.67932208910439,0.0,36.04275
11666.900000000001,3.67988933131967,0.0,36.03946
11668.900000000001,3.6804942753011,0.0,36.03618
11670.900000000001,3.6809488366287235,0.0,36.03618
11672.900000000001,3.68140197722711,0.0,36.03288
11674.900000000001,3.682006643676695,0.0,36.0296
11676.900000000001,3.68253646165769,0.0,36.0296
11678.900000000001,3.68272554239612,0.0,36.0263
11680.900000000001,3.6832552915605286,0.0,36.0263
11682.900000000001,3.683556707480451,0.0,36.0263
11684.900000000001,3.6842756115806785,0.0,36.0263
11686.900000000001,3.6847680065978876,0.0,36.02302
11688.900000000001,3.685032205740587,0.0,36.01973
11690.900000000001,3.6854101603928435,0.0,36.01643
11692.900000000001,3.6855991767494904,0.0,36.01643
11694.900000000001,3.686469735142239,0.0,36.01643
11696.900000000001,3.686544581399435,0.0,36.01315
11698.900000000001,3.686771621803941,0.0,36.01315
11700.900000000001,3.6872259823311953,0.0,36.01315
11702.900000000001,3.6878681564223883,0.0,36.00986
11704.900000000001,3.6881714627452746,0.0,36.00667687167521
11706.900000000001,3.6885496229507844,0.0,36.00657
11708.900000000001,3.688927543313498,0.0,36.0038257872444
11710.900000000001,3.6889652067643,0.0,36.00328
11712.900000000001,3.68934336824116,0.0,36.00657
11714.900000000001,3.6896841061105854,0.0,36.00328
11716.900000000001,3.68972152971802,0.0,36.00328
11718.900000000001,3.69028877193331,0.0,36.00328
11720.900000000001,3.6904403734949316,0.0,36.0
11722.900000000001,3.6908560141486,0.0,35.9967
11724.900000000001,3.6911967507468497,0.0,35.99341
11726.900000000001,3.691537497513707,0.0,35.992968847083205
11728.900000000001,3.6914609622451287,0.0,35.99012
11730.900000000001,3.69161233710232,0.0,35.99012
11732.900000000001,3.69217957931761,0.0,35.98355
11734.900000000001,3.69236866005604,0.0,35.98355
11736.900000000001,3.6927094007805286,0.0,35.98025
11738.900000000001,3.6927468215329,0.0,35.97696
11740.900000000001,3.693050000710928,0.0,35.97696
11742.900000000001,3.692973324294362,0.0,35.97696
11744.900000000001,3.69331406374819,0.0,35.97696
11746.900000000001,3.693465720878415,0.0,35.97368
11748.900000000001,3.69384361211011,0.0,35.97038
11750.900000000001,3.693995396217386,0.0,35.97038
11752.900000000001,3.69407038670191,0.0,35.97038
11754.900000000001,3.6941078109371968,0.0,35.9671
11756.900000000001,3.6944859692445347,0.0,35.9638
11758.900000000001,3.6947890120027815,0.0,35.9638
11760.900000000001,3.694940792954825,0.0,35.9638
11762.900000000001,3.6948641354918905,0.0021863920599418,35.96052
11764.900000000001,3.69501579039405,0.0017536710122768775,35.9638
11766.900000000001,3.69520487113248,0.0,35.9638
11768.900000000001,3.69520487113248,0.00043609857979973144,35.9638
11770.900000000001,3.695545536422131,0.0,35.9638
11772.900000000001,3.695734691010674,0.0021863920599418,35.9639088544797
11774.900000000001,3.6959611940862,0.0,35.9638
11776.900000000001,3.69615027482463,0.0,35.96052
11778.900000000001,3.696490747513722,0.0,35.96052
11780.900000000001,3.6963018631544555,0.0,35.95723
11782.900000000001,3.696491011422307,0.0,35.95393
11784.900000000001,3.696754938106436,0.0,35.95393
11786.900000000001,3.69652843630149,0.000432724674425713,35.95065
11788.900000000001,3.737202711927771,-0.9020134400581963,35.94736
11790.900000000001,3.7407952456583806,-0.902979920755961,35.94736
11792.900000000001,3.74323137869364,-0.902979920755961,35.94552434794674
11794.900000000001,3.7452276820768766,-0.902979920755961,35.94407
11796.900000000001,3.7467184191939644,-0.902979920755961,35.94736
11798.900000000001,3.7483803930930275,-0.902979920755961,35.94736
11800.900000000001,3.749765623668741,-0.902979920755961,35.95065
11802.900000000001,3.75117276970769,-0.902979920755961,35.95065
11804.900000000001,3.7525799157465287,-0.902979920755961,35.95065
11806.900000000001,3.753547238253795,-0.902979920755961,35.95065
11808.900000000001,3.75476530373785,-0.902979920755961,35.95065
11810.900000000001,3.755983370623115,-0.902979920755961,35.95393
11812.900000000001,3.75703427259901,-0.902979920755961,35.95393
11814.900000000001,3.75797967629116,-0.902979920755961,35.95723
11816.900000000001,3.75892507998331,-0.902979920755961,35.95723
11818.900000000001,3.76005956441389,-0.902979920755961,35.95723
11820.900000000001,3.761026887104055,-0.9020134523969827,35.96052
11822.900000000001,3.76195037179818,-0.9020134421775867,35.96052
11824.900000000001,3.7627066947519,-0.902979920755961,35.95723
11826.900000000001,3.76346301770562,-0.902979920755961,35.96052
11828.900000000001,3.7642412582567215,-0.902979920755961,35.9638
11830.900000000001,3.76516474435149,-0.9020134136243444,35.9638
11832.900000000001,3.765815568137194,-0.902979920755961,35.96052
11834.900000000001,3.76686647099736,-0.902979920755961,35.96052
11836.900000000001,3.76743371321265,-0.902013450275983,35.96052
11838.900000000001,3.768211947424836,-0.902979920755961,35.96052
11840.900000000001,3.76875727838165,-0.902979920755961,35.9638
11842.900000000001,3.76959718360654,-0.902979920755961,35.9638
11844.900000000001,3.7703754223887755,-0.902979920755961,35.9638
11846.900000000001,3.7709207475581232,-0.902979920755961,35.9671
11848.900000000001,3.77148798907329,-0.902979920755961,35.97038
11850.900000000001,3.77216073167339,-0.902979920755961,35.972707497971754
11852.900000000001,3.77272797388868,-0.902979920755961,35.9755100910771
11854.900000000001,3.7732116327645397,-0.902979920755961,35.98025
11856.900000000001,3.77386245831926,-0.902979920755961,35.98355
11858.900000000001,3.774407782938269,-0.902979920755961,35.98683
11860.900000000001,3.77518602348827,-0.902979920755961,35.99012
11862.900000000001,3.7754806025101146,-0.902979920755961,35.99012
11864.900000000001,3.776047847010169,-0.902979920755961,35.99012
11866.900000000001,3.776571248428402,-0.902979920755961,35.99341
11868.900000000001,3.7771604135115733,-0.902979920755961,35.99341
11870.900000000001,3.77764407308785,-0.902979920755961,35.99341
11872.900000000001,3.77802223456471,-0.9017599970595264,35.9967
11874.900000000001,3.7786730610038433,-0.902979920755961,35.9967
11876.900000000001,3.77896763825686,-0.902979920755961,36.00328
11878.900000000001,3.77953488047215,-0.9020134421655704,36.00657
11880.900000000001,3.78010212268744,-0.90079352869602,36.00657
11882.900000000001,3.7806912838997415,-0.902979920755961,36.00657
11884.900000000001,3.781153022710432,-0.90079352869602,36.00657
11886.900000000001,3.78150947113658,-0.902979920755961,36.00986
11888.900000000001,3.78199293007174,-0.902979920755961,36.01315
11890.900000000001,3.7824546715352554,-0.902979920755961,36.01643
11892.900000000001,3.7828547504242396,-0.902979920755961,36.01973
11894.900000000001,3.78331649524074,-0.902979920755961,36.02302
11896.900000000001,3.7837162177000074,-0.902979920755961,36.02302
11898.900000000001,3.7839889947302203,-0.902979920755961,36.02302
11900.900000000001,3.7845564786548813,-0.902979920755961,36.02302
11902.900000000001,3.78482914114818,-0.902979920755961,36.0263
11904.900000000001,3.7853128016083706,-0.902979920755961,36.03288
11906.900000000001,3.7855854641019,-0.902979920755961,36.03618
11908.900000000001,3.78596362557876,-0.902979920755961,36.04275
11910.900000000001,3.78653086779405,-0.902979920755961,36.04605
11912.900000000001,3.78690902927091,-0.902979920755961,36.04605
11914.900000000001,3.78728719074777,-0.902979920755961,36.04933
11916.900000000001,3.7877491024362793,-0.902979920755961,36.05262
11918.900000000001,3.78804351370149,-0.9020134523829836,36.05591
11920.900000000001,3.78842167517835,-0.902979920755961,36.06128438531739
11922.900000000001,3.7888834168261645,-0.902979920755961,36.06578
11924.900000000001,3.789199912557613,-0.902979920755961,36.06907
11926.900000000001,3.704414701611083,1.1380589912834838,36.073596288545026
11928.900000000001,3.6920838055707588,1.16534696794898,36.07565
11930.900000000001,3.6866483530158747,1.16753336000892,36.07893
11932.900000000001,3.683008497694195,1.16753336000892,36.07893
11934.900000000001,3.6796046771173114,1.16753336000892,36.08223
11936.900000000001,3.67667495876637,1.16753336000892,36.08223
11938.900000000001,3.674169025061903,1.1669796630667022,36.08223
11940.900000000001,3.671852172897987,1.16534696794898,36.08223
11942.900000000001,3.6698680521829,1.16534696794898,36.07893
11944.900000000001,3.667882296302804,1.16534696794898,36.07893
11946.900000000001,3.6660864374143,1.16534696794898,36.07565
11948.900000000001,3.664525906620116,1.16534696794898,36.07565
11950.900000000001,3.6625417870877692,1.16534696794898,36.07236
11952.900000000001,3.66117033821513,1.16534696794898,36.06907
11954.900000000001,3.6597048167437882,1.16534696794898,36.06578
11956.900000000001,3.658286379508213,1.16534696794898,36.06578
11958.900000000001,3.65663240049282,1.16534696794898,36.06578
11960.900000000001,3.65549791606224,1.16753336000892,36.0625
11962.900000000001,3.654126904804483,1.16753336000892,36.0625
11964.900000000001,3.65285078572422,1.16534696794898,36.06578
11966.900000000001,3.6518576232267144,1.16534696794898,36.0625
11968.900000000001,3.65039273612464,1.16753336000892,36.0592
11970.900000000001,3.6493994479471756,1.16753336000892,36.0625
11972.900000000001,3.64812376726348,1.16753336000892,36.0592
11974.900000000001,3.6469892828329,1.16534696794898,36.05591
11976.900000000001,3.64585479840232,1.16534696794898,36.05262
11978.900000000001,3.6449572784342568,1.16534696794898,36.05591
11980.900000000001,3.64377491027959,1.16534696794898,36.05591
11982.900000000001,3.642971084504904,1.16534696794898,36.0592
11984.900000000001,3.64207318363373,1.16534696794898,36.0592
11986.900000000001,3.64074961846472,1.16534696794898,36.0592
11988.900000000001,3.63980421477257,1.16534696794898,36.0592
11990.900000000001,3.6389521220461165,1.16534696794898,36.0592
11992.900000000001,3.63753524591141,1.16753336000892,36.060857138439246
11994.900000000001,3.6365419569314756,1.16753336000892,36.0592
11996.900000000001,3.63564443852712,1.16753336000892,36.0592
11998.900000000001,3.63469903483497,1.16534696794898,36.0592
12000.900000000001,3.63356455040439,1.16534696794898,36.058366852369126
12002.900000000001,3.6327133543269134,1.16534696794898,36.05591
12004.900000000001,3.6315319786587694,1.16534696794898,36.05591
12006.900000000001,3.63072833932794,1.16534696794898,36.05591
12008.900000000001,3.629641737036302,1.16534696794898,36.05591
12010.900000000001,3.62883753194364,1.16534696794898,36.05262
12012.900000000001,3.6278921282515,1.16534696794898,36.05262
12014.900000000001,3.6268049808389473,1.16534696794898,36.05262
12016.900000000001,3.6256709002533154,1.16534696794898,36.04933
12018.900000000001,3.62505591717505,1.16534696794898,36.04933
12020.900000000001,3.6240626285970015,1.16753336000892,36.04933
12022.900000000001,3.6229281469339742,1.16753336000892,36.04933
12024.900000000001,3.6221722580281175,1.16753336000892,36.04605
12026.900000000001,3.6216047206269653,1.16534696794898,36.04605
12028.900000000001,3.620376784804399,1.16534696794898,36.04933
12030.900000000001,3.61952469442489,1.16534696794898,36.04933
12032.900000000001,3.61881625280687,1.16753336000892,36.04933
12034.900000000001,3.617823530764044,1.16753336000892,36.04933
12036.900000000001,3.61692544542257,1.16753336000892,36.04933
12038.900000000001,3.61616912246885,1.16753336000892,36.04933
12040.900000000001,3.61541279951513,1.16753336000892,36.05262
12042.900000000001,3.61465647656141,1.16753336000892,36.04933
12044.900000000001,3.6137584007487007,1.16753336000892,36.04933
12046.900000000001,3.6130005578327924,1.16753336000892,36.04933
12048.900000000001,3.6123396243785817,1.16753336000892,36.04933
12050.900000000001,3.6114899877101982,1.16753336000892,36.05262
12052.900000000001,3.6108269784916134,1.16753336000892,36.05591
12054.900000000001,3.6101185388391,1.16753336000892,36.05591
12056.900000000001,3.6093143329648103,1.16753336000892,36.05591
12058.900000000001,3.608653777035187,1.16753336000892,36.05591
12060.900000000001,3.60803865071637,1.16753336000892,36.05591
12062.900000000001,3.60747140850108,1.16753336000892,36.057140623865465
12064.900000000001,3.6067624260753344,1.16753336000892,36.05591
12066.900000000001,3.60595876259365,1.16753336000892,36.05836912303906
12068.900000000001,3.60539152037836,1.16753336000892,36.05591
12070.900000000001,3.6047763940597335,1.16753336000892,36.0592
12072.900000000001,3.604398599199767,1.16753336000892,36.0592
12074.900000000001,3.603595148320717,1.16753336000892,36.0592
12076.900000000001,3.60326388105123,1.16534696794898,36.0625
12078.900000000001,3.6024141126668416,1.16534696794898,36.06578
12080.900000000001,3.60179898634819,1.16534696794898,36.06578
12082.900000000001,3.6010901428139235,1.16753336000892,36.06578
12084.900000000001,3.60066450191761,1.16753336000892,36.06578
12086.900000000001,3.59971909822546,1.16753336000892,36.06907
12088.900000000001,3.5994342461114748,1.16753336000892,36.06907
12090.900000000001,3.598632495129874,1.16753336000892,36.06907
12092.900000000001,3.5982539269766853,1.16753336000892,36.06907
12094.900000000001,3.5977809304215924,1.16753336000892,36.06907
12096.900000000001,3.59707196788745,1.16753336000892,36.06907
12098.900000000001,3.59683501568293,1.16534696794898,36.06578
12100.900000000001,3.5962677616123275,1.16534696794898,36.06907
12102.900000000001,3.59574840271844,1.16534696794898,36.07236
12104.900000000001,3.5952286469026924,1.16534696794898,36.07236
12106.900000000001,3.59461391828786,1.16534696794898,36.07236
12108.900000000001,3.5941878711233852,1.16534696794898,36.07236
12110.900000000001,3.593431550937453,1.16534696794898,36.07565
12112.900000000001,3.593148876256008,1.16753336000892,36.07565
12114.900000000001,3.59253403016513,1.16753336000892,36.07565
12116.900000000001,3.592108085903258,1.16753336000892,36.07565
12118.900000000001,3.591447428633369,1.16753336000892,36.07893
12120.900000000001,3.5910213842577,1.16753336000892,36.08223
12122.900000000001,3.5903126588393994,1.16753336000892,36.08223
12124.900000000001,3.589934381464272,1.16753336000892,36.08223
12126.900000000001,3.5895565319274243,1.16753336000892,36.08223
12128.900000000001,3.5894608554310112,1.16753336000892,36.08510928232884
12130.900000000001,3.58856333465811,1.16753336000892,36.08552
12132.900000000001,3.58837425391968,1.16753336000892,36.0888
12134.900000000001,3.587665435612698,1.16753336000892,36.0888
12136.900000000001,3.728638550637226,-1.96119367776779,36.0921
12138.900000000001,3.7397943374119325,-1.96119367776779,36.09538
12140.900000000001,3.7469905951296725,-1.95900728570785,36.09538
12142.900000000001,3.7530299712131154,-1.95900728570785,36.09868
12144.900000000001,3.75870239195682,-1.96119367776779,36.09868
12146.900000000001,3.7636297003002164,-1.96119367776779,36.10525
12148.900000000001,3.76781187468951,-1.96119367776779,36.10525
12150.900000000001,3.772316223578221,-1.95900728570785,36.10855
12152.900000000001,3.775931146066761,-1.95900728570785,36.11512
12154.900000000001,3.7799018369135657,-1.96119367776779,36.1217
12156.900000000001,3.783494375321672,-1.95900728570785,36.12828
12158.900000000001,3.78671994853248,-1.96119367776779,36.13486
12160.900000000001,3.7899231249953726,-1.95900728570785,36.14473
12162.900000000001,3.7931262927006677,-1.9610641636927206,36.1513
12164.900000000001,3.79560674323868,-1.96119367776779,36.15788
12166.900000000001,3.79844295431512,-1.96119367776779,36.16446
12168.900000000001,3.80090100391471,-1.96119367776779,36.17105
12170.900000000001,3.803525742259327,-1.96119367776779,36.17762
12172.900000000001,3.80562802237545,-1.96119367776779,36.18091
12174.900000000001,3.807885766635263,-1.95900728570785,36.1875
12176.900000000001,3.80997687935934,-1.96119367776779,36.19407
12178.900000000001,3.812034365979553,-1.96119367776779,36.20065
12180.900000000001,3.8139363756056723,-1.96119367776779,36.20723
12182.900000000001,3.815638102251872,-1.96119367776779,36.2171
12184.900000000001,3.817717988977462,-1.96119367776779,36.22696
12186.900000000001,3.8194197156236167,-1.96119367776779,36.23355
12188.900000000001,3.8209323630216447,-1.96119367776779,36.23683
12190.900000000001,3.822656487906804,-1.96119367776779,36.24012
12192.900000000001,3.82434701548,-1.9610641798403639,36.24983712010899
12194.900000000001,3.8256929883030044,-1.96119367776779,36.25637505369755
12196.900000000001,3.82718322655645,-1.9591368008726042,36.26315
12198.900000000001,3.82869587246388,-1.95900728570785,36.276105728707996
12200.900000000001,3.8302197146500605,-1.95900728570785,36.28618
12202.900000000001,3.83172116427876,-1.95900728570785,36.29913564787034
12204.900000000001,3.8328444495422906,-1.95900728570785,36.308487711033024
12206.900000000001,3.834190414348118,-1.95900728570785,36.3125
12208.900000000001,3.8354915798804043,-1.96119367776779,36.31907
12210.900000000001,3.83682634421636,-1.96119367776779,36.32565
12212.900000000001,3.8381387086337813,-1.95900728570785,36.33552
12214.900000000001,3.83947347455438,-1.96119367776779,36.34538
12216.900000000001,3.84079703972339,-1.96119367776779,36.35525
12218.900000000001,3.841764842313228,-1.95900728570785,36.36183
12220.900000000001,3.84306600858454,-1.95900728570785,36.3717
12222.900000000001,3.84420049301512,-1.96119367776779,36.38157
12224.900000000001,3.8453349774457,-1.95900728570785,36.38815
12226.900000000001,3.84646946187628,-1.95900728570785,36.39802
12228.900000000001,3.8477818279718714,-1.95900728570785,36.41118
12230.900000000001,3.8489163122151364,-1.95900728570785,36.42105
12232.900000000001,3.84968383442959,-1.95900728570785,36.43091
12234.900000000001,3.8508407173828694,-1.95900728570785,36.44078
12236.900000000001,3.8521306878436437,-1.95900728570785,36.45393
12238.900000000001,3.85308728772132,-1.96119367776779,36.4638
12240.900000000001,3.8545887358586612,-1.96119367776779,36.47368
12242.900000000001,3.8553450543396854,-1.96119367776779,36.48355
12244.900000000001,3.85649074101306,-1.96119367776779,36.49341
12246.900000000001,3.85724706396677,-1.96119367776779,36.50328
12248.900000000001,3.85838154839735,-1.96119367776779,36.51643
12250.900000000001,3.859304550585584,-1.95900728570785,36.5296
12252.900000000001,3.8602611505571787,-1.95900728570785,36.53946
12254.900000000001,3.8612177594738,-1.96119367776779,36.54605
12256.900000000001,3.86216316316595,-1.96119367776779,36.55591
12258.900000000001,3.863275248697935,-1.95900728570785,36.56565028401642
12260.900000000001,3.864231853612098,-1.96119367776779,36.575455160714625
12262.900000000001,3.8653663334761252,-1.96119367776779,36.591904488798704
12264.900000000001,3.866122656618003,-1.96119367776779,36.60176567697906
12266.900000000001,3.8670680616128705,-1.95900728570785,36.61163569957743
12268.900000000001,3.8676577036538613,-1.95900728570785,36.61841
12270.900000000001,3.8691479543958276,-1.96119367776779,36.62808578041878
12272.900000000001,3.86991547344157,-1.96119367776779,36.63743762324914
12274.900000000001,3.87067179639529,-1.96119367776779,36.64473
12276.900000000001,3.7060332944957635,1.77535035267274,36.6513
12278.900000000001,3.6906323655354196,1.77535035267274,36.66118
12280.900000000001,3.682433280043897,1.77535035267274,36.66446
12282.900000000001,3.6766575608189673,1.77535035267274,36.67194545092636
12284.900000000001,3.6710883328704806,1.77535035267274,36.67433
12286.900000000001,3.6666361911118464,1.77535035267274,36.677914972928654
12288.900000000001,3.662665675971624,1.77535035267274,36.68091
12290.900000000001,3.65890136935397,1.77535035267274,36.6842
12292.900000000001,3.655772832141764,1.77535035267274,36.6842
12294.900000000001,3.652644266233536,1.77535035267274,36.68091
12296.900000000001,3.649808012875842,1.7763424797276803,36.68091
12298.900000000001,3.647264219181219,1.77535035267274,36.67762
12300.900000000001,3.644617134517664,1.77535035267274,36.67762
12302.900000000001,3.641866713596501,1.77535035267274,36.67433
12304.900000000001,3.6397009295724407,1.77535035267274,36.66446
12306.900000000001,3.637810122334323,1.7763424315322176,36.66118
12308.900000000001,3.6355412701676078,1.77535035267274,36.66118
12310.900000000001,3.63337546966596,1.77753674473268,36.66118
12312.900000000001,3.63205190449695,1.77535035267274,36.66446
12314.900000000001,3.62997201637422,1.77535035267274,36.66118
12316.900000000001,3.62827028972836,1.77535035267274,36.66118
12318.900000000001,3.6264826531590932,1.77535035267274,36.6546
12320.900000000001,3.624970010847677,1.77753674473268,36.64802
12322.900000000001,3.62354327126761,1.77535035267274,36.64802
12324.900000000001,3.621755750668203,1.7765446858886018,36.64802
12326.900000000001,3.620500485183536,1.7765446942017182,36.64143
12328.900000000001,3.61881625280687,1.77535035267274,36.64143
12330.900000000001,3.61768176837629,1.77535035267274,36.63815
12332.900000000001,3.61616912246885,1.77535035267274,36.63486
12334.900000000001,3.614742268930434,1.7763423931946631,36.63486
12336.900000000001,3.613504505345151,1.77535035267274,36.63157
12338.900000000001,3.61238750770026,1.77535035267274,36.62828
12340.900000000001,3.61106394253125,1.77535035267274,36.625
12342.900000000001,3.60974037736224,1.77535035267274,36.6217
12344.900000000001,3.60879497367009,1.77535035267274,36.625
12346.900000000001,3.607385615266237,1.77535035267274,36.62319733747252
12348.900000000001,3.606061940321709,1.77535035267274,36.61990471017751
12350.900000000001,3.604910165182601,1.77535035267274,36.61003988959109
12352.900000000001,3.60387887447092,1.77535035267274,36.60525
12354.900000000001,3.60274439004034,1.77535035267274,36.60196
12356.900000000001,3.601317541109603,1.77535035267274,36.60016832761033
12358.900000000001,3.60047542117918,1.77535035267274,36.59538
12360.900000000001,3.59915185601017,1.77535035267274,36.5921
12362.900000000001,3.5980173715796,1.77535035267274,36.5921
12364.900000000001,3.59669380641059,1.77535035267274,36.5888
12366.900000000001,3.595284444983699,1.7763424381625748,36.58552
12368.900000000001,3.5945107340858122,1.77535035267274,36.58552
12370.900000000001,3.5930153702348093,1.77535035267274,36.5888
12372.900000000001,3.591880958808439,1.77535035267274,36.5888
12374.900000000001,3.59045414204241,1.77535035267274,36.58552
12376.900000000001,3.5894054507004385,1.77535035267274,36.58552
12378.900000000001,3.58799609244282,1.77535035267274,36.5888
12380.900000000001,3.58686160801224,1.77535035267274,36.5888
12382.900000000001,3.5854521959665187,1.776544073923529,36.58223
12384.900000000001,3.5843002683124845,1.77535035267274,36.58223
12386.900000000001,3.5827877620224613,1.77535035267274,36.57893
12388.900000000001,3.5816706332546175,1.77535035267274,36.58223
12390.900000000001,3.5801405520785488,1.77535035267274,36.58223
12392.900000000001,3.57910929773662,1.77535035267274,36.58223
12394.900000000001,3.5778890177670792,1.77535035267274,36.58223
12396.900000000001,3.576444676300622,1.77535035267274,36.57893
12398.900000000001,3.575121112276316,1.77535035267274,36.57893
12400.900000000001,3.573797695651756,1.77535035267274,36.58223
12402.900000000001,3.57249147189158,1.77535035267274,36.57893
12404.900000000001,3.57154606819943,1.77535035267274,36.57236
12406.900000000001,3.5703257888018833,1.77535035267274,36.56907
12408.900000000001,3.56908801859985,1.77535035267274,36.56907
12410.900000000001,3.56795353416927,1.77535035267274,36.56907
12412.900000000001,3.56681904973869,1.77535035267274,36.57236
12414.900000000001,3.5654779960546388,1.77535035267274,36.57565
12416.900000000001,3.5642577156593216,1.77535035267274,36.57236
12418.900000000001,3.5633123111014235,1.77535035267274,36.57236
12420.900000000001,3.5621779260154764,1.77535035267274,36.5754001485025
12422.900000000001,3.5612325189754745,1.7763435381974024,36.57565
12424.900000000001,3.56001214315522,1.77535035267274,36.57565
12426.900000000001,3.5589634558489944,1.77535035267274,36.57565
12428.900000000001,3.557914761910288,1.77535035267274,36.580982210435224
12430.900000000001,3.55717593207877,1.77535035267274,36.58552
12432.900000000001,3.55604144764819,1.77535035267274,36.58552
12434.900000000001,3.55509604395604,1.7763424198466293,36.587311712336515
12436.900000000001,3.55432223336788,1.7763424415634388,36.5888
12438.900000000001,3.55320523657175,1.7763424548027735,36.5921
12440.900000000001,3.5523630188805133,1.77535035267274,36.59538
12442.900000000001,3.55131442918745,1.77535035267274,36.59538
12444.900000000001,3.5506613931636557,1.77535035267274,36.59868
12446.900000000001,3.5496984973625736,1.77535035267274,36.60196
12448.900000000001,3.5487705841948762,1.7765446692438875,36.60196
12450.900000000001,3.5477045491372885,1.77535035267274,36.60196
12452.900000000001,3.547068798573667,1.77753674473268,36.60196
12454.900000000001,3.54583108777299,1.776342428164773,36.60196
12456.900000000001,3.5453496412444445,1.77753674473268,36.60196
12458.900000000001,3.5446108102529212,1.77535035267274,36.60525
12460.900000000001,3.54356211891183,1.77753674473268,36.60855
12462.900000000001,3.5427025948017676,1.77634340166306,36.60525
12464.900000000001,3.542031980469915,1.77753674473268,36.60855
12466.900000000001,3.54110406931224,1.77753674473268,36.60855
12468.900000000001,3.540433541751834,1.77535035267274,36.61183
12470.900000000001,3.53940234266638,1.7763423815113912,36.61841
12472.900000000001,3.538731812376502,1.7763423966037222,36.61841
12474.900000000001,3.53807877749737,1.77535035267274,36.6217
12476.900000000001,3.53713337380522,1.7763444383767444,36.625
12478.900000000001,3.53656613158993,1.77535035267274,36.625
12480.900000000001,3.53580980863621,1.77535035267274,36.625
12482.900000000001,3.5351392803570056,1.77535035267274,36.625
12484.900000000001,3.5341938734956826,1.77535035267274,36.62828
12486.900000000001,3.53372992051348,1.77535035267274,36.625
12488.900000000001,3.53278451682133,1.77535035267274,36.62828
12490.900000000001,3.5319249070847083,1.77535035267274,36.63157
12492.900000000001,3.6068563446493136,-0.020506990444113915,36.63157
12494.900000000001,3.614442885850124,0.0,36.63486
12496.900000000001,3.61862717206844,0.0,36.63815
12498.900000000001,3.62203062536017,0.0,36.64143
12500.900000000001,3.62448867495976,0.0,36.64473
12502.900000000001,3.6270999441884704,0.0,36.64802
12504.900000000001,3.62883753194364,0.0,36.64802
12506.900000000001,3.630716405060401,0.0,36.64802
12508.900000000001,3.632252918118644,0.0,36.64802
12510.900000000001,3.63394271188125,0.0,36.64473
12512.900000000001,3.63564443852712,0.0,36.64143
12514.900000000001,3.63677892295769,0.0,36.63486
12516.900000000001,3.6382677003295973,0.0,36.63486
12518.900000000001,3.6395912712367005,0.0,36.63157
12520.900000000001,3.6405724733784015,0.0,36.62828
12522.900000000001,3.64150594141844,0.0,36.625
12524.900000000001,3.6428173854515915,0.0,36.625
12526.900000000001,3.64358582954116,0.0,36.61841
12528.900000000001,3.6447083812887824,0.0,36.61512
12530.900000000001,3.64566571766389,0.0,36.61183
12532.900000000001,3.6465991769261583,0.0,36.60525
12534.900000000001,3.6473552403922973,0.0,36.60196
12536.900000000001,3.648135700046848,0.0,36.59868
12538.900000000001,3.6488800902172,0.0020483882469219234,36.5888
12540.900000000001,3.64982549390935,0.0020483768598149863,36.58223
12542.900000000001,3.65058181686306,0.0,36.57565
12544.900000000001,3.65133813981678,0.0,36.56907
12546.900000000001,3.6517282325925784,0.0,36.56578
12548.900000000001,3.6526497734871493,0.0,36.5592
12550.900000000001,3.6534060952560434,0.0,36.55591
12552.900000000001,3.653784245704716,0.0,36.54933
12554.900000000001,3.654528279189549,0.0,36.54275
12556.900000000001,3.6547535258922115,0.0,36.54275
12558.900000000001,3.65530883532381,0.00013798317985538964,36.53946
12560.900000000001,3.656077095514995,0.0,36.53288
12562.900000000001,3.656644350968718,0.0,36.5296
12564.900000000001,3.657211747647993,0.0,36.52302
12566.900000000001,3.657565871201044,0.0,36.51973
12568.900000000001,3.65814504640025,0.0,36.51643
12570.900000000001,3.6583460613070833,0.0,36.51335702305634
12572.900000000001,3.659267582826152,0.0,36.506777894975016
12574.900000000001,3.659822468356835,0.0,36.50328
12576.900000000001,3.66003585378455,0.0,36.5
12578.900000000001,3.66060309599984,0.0,36.5
12580.900000000001,3.6609693231081524,0.0,36.4967
12582.900000000001,3.661347476561431,0.0,36.4967
12584.900000000001,3.6615606225131274,0.0,36.49012
12586.900000000001,3.662292889761462,0.0,36.49012
12588.900000000001,3.6625058360679366,0.0,36.48683
12590.900000000001,3.6628840006143433,0.0,36.47696
12592.900000000001,3.66325022633786,0.0,36.47368
12594.900000000001,3.663793244260934,0.0,36.4671
12596.900000000001,3.66418369576104,0.0,36.4638
12598.900000000001,3.66438471076844,0.0,36.45723
12600.900000000001,3.6647628722453,0.0,36.45065
12602.900000000001,3.66495195298373,0.0,36.44078
12604.900000000001,3.66533011446058,0.0,36.4375
12606.900000000001,3.6655311263988355,0.0,36.4375
12608.900000000001,3.66589735667587,0.0,36.4342
12610.900000000001,3.66627551815273,0.0,36.43091
12612.900000000001,3.66646459889116,0.0,36.42433
12614.900000000001,3.6668670652618607,0.0,36.42105
12616.900000000001,3.667208987475665,0.0,36.41446
12618.900000000001,3.6670437799291715,0.0,36.41118
12620.900000000001,3.6675871474679265,0.0,36.4046
12622.900000000001,3.66778816406017,0.0,36.4013
12624.900000000001,3.6679893614914105,0.0,36.39802
12626.900000000001,3.6683434706214912,0.0,36.39802
12628.900000000001,3.66873356775232,0.0,36.39143
12630.900000000001,3.668934581375438,0.0,36.38486
12632.900000000001,3.6692888398637997,0.0,36.37828
12634.900000000001,3.66930080996761,0.0,36.37828
12636.900000000001,3.66967897144447,0.0,36.375
12638.900000000001,3.6698680521829,0.0,36.36841
12640.900000000001,3.67005713292133,0.0,36.36512
12642.900000000001,3.6702581874672626,0.0,36.35855
12644.900000000001,3.670611943427216,0.0,36.35525
12646.900000000001,3.67096673796026,0.0,36.35349649960864
12648.900000000001,3.67081345587505,0.0,36.351444749071
12650.900000000001,3.67100253661348,0.0,36.34538
12652.900000000001,3.67119161735191,0.0,36.3421
12654.900000000001,3.67138069809034,0.0,36.3388
12656.900000000001,3.671404560690197,0.0,36.33223
12658.900000000001,3.671746926582284,0.0,36.33223
12660.900000000001,3.671959874475361,0.0,36.32893
12662.900000000001,3.67194794030563,0.0,36.32565
12664.900000000001,3.67232610178249,0.0,36.32565
12666.900000000001,3.6723380360517286,0.0,36.31907
12668.900000000001,3.672527115305931,0.0,36.31907
12670.900000000001,3.672869480997834,0.0,36.31578
12672.900000000001,3.6730943922246024,0.0,36.3092
12674.900000000001,3.6732590543664205,0.0,36.30262
12676.900000000001,3.67327150547463,0.0,36.29933
12678.900000000001,3.6734486516431573,0.0,36.29605
12680.900000000001,3.673637735651403,0.0,36.29605
12682.900000000001,3.67383874768992,0.0020479924443869996,36.29275
12684.900000000001,3.67383874768992,0.0,36.29275
12686.900000000001,3.67402782842835,0.0,36.28946
12688.900000000001,3.6740397615137166,0.0,36.28621407997108
12690.900000000001,3.67441792279027,0.0,36.28618
12692.900000000001,3.67421690916678,0.0,36.28288
12694.900000000001,3.59669380641059,1.66384435761571,36.2796
12696.900000000001,3.591771493567054,1.66384435761571,36.27302
12698.900000000001,3.587676833791106,1.66384435761571,36.26973
12700.900000000001,3.5842744913319864,1.66384435761571,36.26643
12702.900000000001,3.581248061042667,1.66384435761571,36.26315
12704.900000000001,3.5784769519133603,1.66384435761571,36.26643
12706.900000000001,3.57589492518332,1.66384435761571,36.264279166430995
12708.900000000001,3.57362595632216,1.66384435761571,36.26427899382842
12710.900000000001,3.57116790672257,1.66384435761571,36.26315
12712.900000000001,3.5692122014810965,1.66384435761571,36.265304211232156
12714.900000000001,3.566884119750063,1.66384435761571,36.26315
12716.900000000001,3.5648631470592407,1.66384435761571,36.26315
12718.900000000001,3.5631025156643803,1.66384435761571,36.26258207781781
12720.900000000001,3.56127115877626,1.66384435761571,36.25986
12722.900000000001,3.55963398167836,1.66384435761571,36.26315
12724.900000000001,3.5578671869144167,1.66384435761571,36.26315
12726.900000000001,3.55604144764819,1.66384435761571,36.25986
12728.900000000001,3.55471788247918,1.66384435761571,36.25986
12730.900000000001,3.553140704806074,1.66384435761571,36.26315
12732.900000000001,3.551816773452018,1.66384435761571,36.26973
12734.900000000001,3.5506170182571872,1.66384435761571,36.2763
12736.900000000001,3.549169457614781,1.66384435761571,36.2763
12738.900000000001,3.54753281441885,1.66384435761571,36.2796
12740.900000000001,3.546268857294323,1.66384435761571,36.2796
12742.900000000001,3.5447617107693694,1.66384435761571,36.28288
12744.900000000001,3.54394028038869,1.66384435761571,36.2796
12746.900000000001,3.542551612442602,1.66384435761571,36.28288
12748.900000000001,3.5414822307891,1.66384435761571,36.28288
12750.900000000001,3.5402829759428602,1.66384435761571,36.28288
12752.900000000001,3.53902418118952,1.66384435761571,36.28618
12754.900000000001,3.5381377148781805,1.66384435761571,36.28618
12756.900000000001,3.53675521232836,1.66384435761571,36.28946
12758.900000000001,3.5356858148789674,1.66384435761571,36.28946
12760.900000000001,3.53467532420563,1.66384435761571,36.29275
12762.900000000001,3.533665010607393,1.66384435761571,36.29933
12764.900000000001,3.5329085456326195,1.66384435761571,36.30262
12766.900000000001,3.5317740295761304,1.66384435761571,36.30591
12768.900000000001,3.531017700881771,1.66384435761571,36.306624777591196
12770.900000000001,3.52994830574489,1.66384435761571,36.3092
12772.900000000001,3.52900290205274,1.66384435761571,36.3125
12774.900000000001,3.5283054880578977,1.66384435761571,36.3125
12776.900000000001,3.5277382224601688,1.66384435761571,36.31578
12778.900000000001,3.5266688352210585,1.66384435761571,36.31578
12780.900000000001,3.525853278473797,1.66384435761571,36.320196630493605
12782.900000000001,3.524967313241989,1.66384435761571,36.32565
12784.900000000001,3.52453005115619,1.66384435761571,36.33223
12786.900000000001,3.5235846400343616,1.66384435761571,36.33223
12788.900000000001,3.5230173990130917,1.66384435761571,36.33552
12790.900000000001,3.5221314279891107,1.66384435761571,36.3388
12792.900000000001,3.521693650447667,1.66384435761571,36.3388
12794.900000000001,3.5211265923290607,1.66384435761571,36.3421
12796.900000000001,3.5204291762051083,1.66384435761571,36.34538
12798.900000000001,3.5196728548874523,1.66384435761571,36.34538
12800.900000000001,3.5189171022069297,1.66384435761571,36.34868
12802.900000000001,3.51822529996224,1.66384435761571,36.35525
12804.900000000001,3.5175929610763115,1.66384435761571,36.36183
12806.900000000001,3.51690173479324,1.66384435761571,36.36183
12808.900000000001,3.516210502821528,1.66384435761571,36.36512
12810.900000000001,3.51557816962423,1.66384435761571,36.3717
12812.900000000001,3.51501092740894,1.66384435761571,36.375
12814.900000000001,3.514502615618797,1.66384435761571,36.375
12816.900000000001,3.51387644297836,1.66384435761571,36.37828
12818.900000000001,3.51330920076307,1.66384435761571,36.38157
12820.900000000001,3.512488170191223,1.66384435761571,36.38486
12822.900000000001,3.51205051868893,1.66384435761571,36.38486
12824.900000000001,3.5116074741172,1.66384435761571,36.38815
12826.900000000001,3.510603193834759,1.66384435761571,36.39473
12828.900000000001,3.51028390894819,1.66384435761571,36.39802
12830.900000000001,3.50971666673291,1.66384435761571,36.4046
12832.900000000001,3.509025449620134,1.66384435761571,36.40788
12834.900000000001,3.50858218230233,1.66384435761571,36.41118
12836.900000000001,3.5077018833599536,1.66384435761571,36.41446
12838.900000000001,3.5075065732673765,1.66384435761571,36.41775
12840.900000000001,3.50669137491803,1.66384435761571,36.423254647639894
12842.900000000001,3.506189236958913,1.66384435761571,36.42762
12844.900000000001,3.505869946123579,1.66384435761571,36.43091
12846.900000000001,3.50480056753373,1.66384435761571,36.4342
12848.900000000001,3.50442240605687,1.66384435761571,36.4375
12850.900000000001,3.50385516384158,1.66384435761571,36.44078
12852.900000000001,3.50328792162629,1.66384435761571,36.445202765825016
12854.900000000001,3.5026555746094283,1.66384435761571,36.44849282187801
12856.900000000001,3.50215343719572,1.66384435761571,36.45140060534639
12858.900000000001,3.5017101735411362,1.66384435761571,36.45430873977059
12860.900000000001,3.5011429356902877,1.66384435761571,36.46052
12862.900000000001,3.5007058929204717,1.66384435761571,36.46052
12864.900000000001,3.500197530205288,1.66384435761571,36.46052
12866.900000000001,3.4993823292839346,1.66384435761571,36.4638
12868.900000000001,3.499063044735847,1.66384435761571,36.47038
12870.900000000001,3.498495801533176,1.66384435761571,36.47368
12872.900000000001,3.49811764010877,1.66384435761571,36.47696
12874.900000000001,3.49742641873497,1.66384435761571,36.47696
12876.900000000001,3.4967351985045876,1.66384435761571,36.48355
12878.900000000001,3.49648101504282,1.66384435761571,36.48355
12880.900000000001,3.49610285356596,1.66384435761571,36.49012
12882.900000000001,3.4952814269023436,1.66384435761571,36.49012
12884.900000000001,3.494903265373339,1.66384435761571,36.49012
12886.900000000001,3.49421204618167,1.66384435761571,36.49012
12888.900000000001,3.4938989873757067,1.66384435761571,36.49341
12890.900000000001,3.493514608132119,1.66384435761571,36.4967
12892.900000000001,3.4927645045296325,1.66384435761571,36.4967
12894.900000000001,3.4924452147866867,1.66384435761571,36.4967
12896.900000000001,3.4918190976682744,1.66384435761571,36.4967
12898.900000000001,3.49118675436679,1.66384435761571,36.5
12900.900000000001,3.49080859288993,1.66384435761571,36.5
12902.900000000001,3.49024135067464,1.66384435761571,36.50328
12904.900000000001,3.48986318919778,1.66384435761571,36.50986
12906.900000000001,3.48929594698249,1.66384435761571,36.51643
12908.900000000001,3.488793806398777,1.66384435761571,36.522298736593314
12910.900000000001,3.4882854373980448,1.66384435761571,36.5263
12912.900000000001,3.4877181957809906,1.66384435761571,36.5263
12914.900000000001,3.48721605885977,1.66384435761571,36.5296
12916.900000000001,3.48683789738291,1.66384435761571,36.53618
12918.900000000001,3.486394634274621,1.66384435761571,36.540592766717424
12920.900000000001,3.485951382181779,1.66384435761571,36.547179228114544
12922.900000000001,3.48532525147547,1.66384435761571,36.54933
12924.900000000001,3.48513617073704,1.66384435761571,36.54933
12926.900000000001,3.4844387242722705,1.66384435761571,36.54933
12928.900000000001,3.484125664867967,1.66384435761571,36.552805926794186
12930.900000000001,3.483558431433399,1.66384435761571,36.5625
12932.900000000001,3.4829323061306603,1.66384435761571,36.56907
12934.900000000001,3.482430169262198,1.66384435761571,36.57236
12936.900000000001,3.4823588339673446,1.66384435761571,36.57565
12938.900000000001,3.48154363670687,1.66384435761571,36.57236
12940.900000000001,3.48116547523001,1.66384435761571,36.57565
12942.900000000001,3.480722208952669,1.66384435761571,36.58223
12944.900000000001,3.480096096639063,1.66384435761571,36.5921
12946.900000000001,3.479528852838892,1.66384435761571,36.59538
12948.900000000001,3.479209565669127,1.66384435761571,36.60196
12950.900000000001,3.4786485408287167,1.66384435761571,36.60855
12952.900000000001,3.47832926415357,1.66384435761571,36.60525
12954.900000000001,3.47795110267671,1.66384435761571,36.60525
12956.900000000001,3.477318756206788,1.66384435761571,36.60525
12958.900000000001,3.554273472628357,0.0,36.60855
12960.900000000001,3.5593784994274245,0.0,36.60855
12962.900000000001,3.56303743497009,0.0,36.60855
12964.900000000001,3.5659964742929566,0.0014762438319119097,36.60855
12966.900000000001,3.568582188841876,0.0,36.60855
12968.900000000001,3.57097882598414,0.0,36.60855
12970.900000000001,3.5732477948453,0.0,36.61183
12972.900000000001,3.5751386022296,0.0,36.61512
12974.900000000001,3.576967991847342,0.0,36.61512
12976.900000000001,3.579047883139487,0.0,36.61219460464917
12978.900000000001,3.58043286290563,0.0,36.60855
12980.900000000001,3.58194550881307,0.0,36.60525
12982.900000000001,3.583141411050801,0.0,36.59868
12984.900000000001,3.58478171988951,0.0,36.59538
12986.900000000001,3.58591620432009,0.0,36.59538
12988.900000000001,3.5873011867408118,0.0,36.59538
12990.900000000001,3.5886246571280656,0.0,36.59868
12992.900000000001,3.58988689982712,0.0,36.59868
12994.900000000001,3.5911490461597877,0.0,36.595022688512124
12996.900000000001,3.592094455675671,0.0,36.5888
12998.900000000001,3.5927844801971554,0.0,36.58223
13000.900000000001,3.594108013542487,0.0007092618651511937,36.57565
13002.900000000001,3.5949256042086275,0.0,36.56907
13004.900000000001,3.596065208136339,0.0,36.56578
13006.900000000001,3.59726104862588,0.0,36.5592
13008.900000000001,3.59782829084117,0.0021863920599418,36.55591
13010.900000000001,3.5987123746781076,0.0,36.55262
13012.900000000001,3.59953001748703,0.0,36.54605
13014.900000000001,3.6002249263588615,0.0,36.54275
13016.900000000001,3.600976411931022,0.0,36.54275
13018.900000000001,3.601860368534754,0.0,36.53946
13020.900000000001,3.60255530930191,0.0,36.53288
13022.900000000001,3.6032451275526305,0.0,36.5296
13024.900000000001,3.6040065987628553,0.0,36.5263
13026.900000000001,3.6047580276475966,0.0,36.51973
13028.900000000001,3.6050133589015,0.0,36.51315
13030.900000000001,3.6057032611422426,0.0,36.50657
13032.900000000001,3.6063982825721452,0.0,36.50328
13034.900000000001,3.607031833457138,0.0,36.4967
13036.900000000001,3.6077219038362083,0.001476238356815308,36.49012
13038.900000000001,3.608289142881759,0.0,36.48355
13040.900000000001,3.60860589293166,0.0,36.48355
13042.900000000001,3.6090454365534583,0.0021863920599418,36.482107254921985
13044.900000000001,3.609612713360474,0.0007101784481285298,36.47918135035699
13046.900000000001,3.6101185388391,0.0021863920599418,36.47368
13048.900000000001,3.61049670031596,0.0007101596501617929,36.47038
13050.900000000001,3.61080840156089,0.0021863920599418,36.4671
13052.900000000001,3.6116925519418674,0.0,36.46052
13054.900000000001,3.6118815220011506,0.0,36.45723
13056.900000000001,3.612259841558234,0.0014762383602199155,36.45393
13058.900000000001,3.6128270869832386,0.0021863920599418,36.45065
13060.900000000001,3.61295474991555,0.0,36.44736
13062.900000000001,3.6138388280140217,0.0,36.44407
13064.900000000001,3.6140278176096765,0.0,36.4375
13066.900000000001,3.6145288125186092,0.0021863920599418,36.4375
13068.900000000001,3.6147178911980147,0.0,36.4342
13070.900000000001,3.6151623957502426,0.0,36.43091
13072.900000000001,3.615285066103003,0.0021863920599418,36.42762
13074.900000000001,3.6156631993470545,0.0,36.42433
13076.900000000001,3.61635820320728,0.0021863920599418,36.42105
13078.900000000001,3.616485956684699,0.0,36.41446
13080.900000000001,3.6167976796951278,0.0,36.4046
13082.900000000001,3.61692544542257,0.0,36.39802
13084.900000000001,3.6175540216569084,0.0,36.39143
13086.900000000001,3.6177431866966963,0.0007101967613750989,36.38815
13088.900000000001,3.61824901059158,0.0014762259946798015,36.38157
13090.900000000001,3.6183103539734502,0.0,36.38157
13092.900000000001,3.618499443792133,0.0,36.37828
13094.900000000001,3.61881625280687,0.0014762081364710906,36.375
13096.900000000001,3.619066751310381,0.0014762017199403724,36.3717
13098.900000000001,3.6196339919818845,0.0021863920599418,36.3717
13100.900000000001,3.6195112521345805,0.0007091017842824914,36.36841
13102.900000000001,3.61976165649902,0.0021863920599418,36.36512
13104.900000000001,3.62013981797588,0.0,36.36183
13106.900000000001,3.620645646624963,0.0007101417872741924,36.35855
13108.900000000001,3.620768476452849,0.0014762191041913224,36.35525
13110.900000000001,3.620957467169905,0.0,36.358178386399636
13112.900000000001,3.621402020408278,0.0,36.35855
13114.900000000001,3.6214020440348653,0.0,36.35196
13116.900000000001,3.6219692075951686,0.0,36.34538
13118.900000000001,3.6219080057290687,0.0,36.339870031738805
13120.900000000001,3.661516455798196,-0.918284665175554,36.334153781465155
13122.900000000001,3.665408734456775,-0.918284665175554,36.32893
13124.900000000001,3.6679452693535146,-0.918284665175554,36.31907
13126.900000000001,3.6698680521829,-0.918284665175554,36.31578
13128.900000000001,3.67194794030563,-0.918284665175554,36.3125
13130.900000000001,3.67364966695149,-0.918284665175554,36.3092
13132.900000000001,3.67535139359736,-0.918284665175554,36.30591
13134.900000000001,3.6769427705346236,-0.918284665175554,36.3092
13136.900000000001,3.67799852393538,-0.9191935609178778,36.3092
13138.900000000001,3.6795899618010526,-0.9191957580414752,36.30591
13140.900000000001,3.6809135869578857,-0.918284665175554,36.30591
13142.900000000001,3.682237067770713,-0.918284665175554,36.30262
13144.900000000001,3.6833715242114984,-0.918284665175554,36.30262
13146.900000000001,3.684963076563521,-0.918284665175554,36.29605
13148.900000000001,3.68612899568786,-0.918284665175554,36.29275
13150.900000000001,3.68726348011843,-0.918284665175554,36.29605
13152.900000000001,3.6882874522380593,-0.918284665175554,36.29933
13154.900000000001,3.6892328106103465,-0.918284665175554,36.29933
13156.900000000001,3.6903674908199187,-0.918284665175554,36.29605
13158.900000000001,3.6915332779906835,-0.918284665175554,36.29275
13160.900000000001,3.69255774079447,-0.918284665175554,36.29275
13162.900000000001,3.69350314448662,-0.918284665175554,36.28946
13164.900000000001,3.69444854817877,-0.918284665175554,36.28946
13166.900000000001,3.695283622848882,-0.920471057235496,36.28946
13168.900000000001,3.69633935556306,-0.918284665175554,36.28946
13170.900000000001,3.69709567851678,-0.918284665175554,36.28288
13172.900000000001,3.698009315313635,-0.918284665175554,36.28288
13174.900000000001,3.698718441223752,-0.918284665175554,36.28288
13176.900000000001,3.6997428088548,-0.918284665175554,36.28288
13178.900000000001,3.70049913180852,-0.9195566330528326,36.28288
13180.900000000001,3.701365455966002,-0.9195566390449516,36.2796
13182.900000000001,3.701932772477647,-0.9195574981540002,36.2763
13184.900000000001,3.7025481133611744,-0.918284665175554,36.2763
13186.900000000001,3.7032253298679554,-0.920471057235496,36.27302
13188.900000000001,3.7039816472043805,-0.920471057235496,36.2763
13190.900000000001,3.70465890805397,-0.918284665175554,36.2763
13192.900000000001,3.70541523100769,-0.920471057235496,36.2763
13194.900000000001,3.70598247322298,-0.918284665175554,36.2763
13196.900000000001,3.7064706425874165,-0.9191990060793276,36.2743916836149
13198.900000000001,3.70730603839199,-0.918284665175554,36.27302
13200.900000000001,3.70787328060728,-0.920471057235496,36.27302
13202.900000000001,3.708629603561,-0.918284665175554,36.27302
13204.900000000001,3.7091177616026663,-0.918284665175554,36.2763
13206.900000000001,3.709465013339257,-0.918284665175554,36.27302
13208.900000000001,3.71033133020686,-0.918284665175554,36.26973
13210.900000000001,3.71070949168372,-0.9195565747465374,36.26643
13212.900000000001,3.71146581463744,-0.9191982365411216,36.26315
13214.900000000001,3.712063969762403,-0.918284665175554,36.263605897662494
13216.900000000001,3.7123012092599805,-0.918284665175554,36.26315
13218.900000000001,3.71278937980645,-0.9191988698069147,36.26315
13220.900000000001,3.71335662202174,-0.918284665175554,36.26315
13222.900000000001,3.713844835130584,-0.918284665175554,36.26315
13224.900000000001,3.7145701869083236,-0.918284665175554,36.26315
13226.900000000001,3.7149483372351497,-0.9195567573221758,36.26315
13228.900000000001,3.71543651014447,-0.918284665175554,36.26315
13230.900000000001,3.7157046704167978,-0.918284665175554,36.26315
13232.900000000001,3.7164609362758623,-0.918284665175554,36.26315
13234.900000000001,3.7169491560519,-0.918284665175554,36.26315
13236.900000000001,3.71732731752876,-0.9195567543243827,36.26315
13238.900000000001,3.7175954731622443,-0.9195566926940701,36.26315
13240.900000000001,3.7180045533992425,-0.918284665175554,36.26315
13242.900000000001,3.718382820486934,-0.918284665175554,36.25986
13244.900000000001,3.71902904417463,-0.918284665175554,36.25657
13246.900000000001,3.7192490291233384,-0.918284665175554,36.25328
13248.900000000001,3.71978536712835,-0.918284665175554,36.25
13250.900000000001,3.72016352860521,-0.918284665175554,36.2467
13252.900000000001,3.720431656014922,-0.918284665175554,36.24341
13254.900000000001,3.72091985155893,-0.918284665175554,36.24012
13256.900000000001,3.721408013722568,-0.9195566330669225,36.24012
13258.900000000001,3.6354611580317293,1.04290901259224,36.24341
13260.900000000001,3.6280870141319586,1.04290901259224,36.24341
13262.900000000001,3.62392143274447,1.04290901259224,36.24341
13264.900000000001,3.62051797945274,1.04290901259224,36.24012
13266.900000000001,3.61768176837629,1.04290901259224,36.24341
13268.900000000001,3.614942996254206,1.04290901259224,36.24012
13270.900000000001,3.6126740296971045,1.04290901259224,36.24012
13272.900000000001,3.6103992652989914,1.04290901259224,36.24012
13274.900000000001,3.60841681219323,1.04290901259224,36.23683
13276.900000000001,3.6063369240705,1.04290901259224,36.23683
13278.900000000001,3.60463519742464,1.04290901259224,36.23355
13280.900000000001,3.602841828129728,1.0418493236895987,36.23355
13282.900000000001,3.60104266339447,1.04290901259224,36.23025
13284.900000000001,3.5994383780071777,1.04290901259224,36.22696
13286.900000000001,3.598114808901119,1.04290901259224,36.22171286657646
13288.900000000001,3.596602165394942,1.04290901259224,36.22038
13290.900000000001,3.59499207976472,1.04290901259224,36.22038
13292.900000000001,3.5935768704109727,1.04290901259224,36.22038
13294.900000000001,3.592064230025498,1.04290901259224,36.22038
13296.900000000001,3.59083230351927,1.041782299988508,36.22038
13298.900000000001,3.5894170972858412,1.04290901259224,36.2171
13300.900000000001,3.588093531300502,1.04290901259224,36.2138
13302.900000000001,3.586775763399959,1.04290901259224,36.2138
13304.900000000001,3.585818764645915,1.04290901259224,36.2138
13306.900000000001,3.5844093538539905,1.04290901259224,36.21052
13308.900000000001,3.583549798186088,1.04290901259224,36.21052
13310.900000000001,3.5821345895515,1.04290901259224,36.20723
13312.900000000001,3.5811949783251964,1.0418493064921222,36.20393
13314.900000000001,3.57986562069034,1.04290901259224,36.20065
13316.900000000001,3.579206739812598,1.041782263336911,36.20065
13318.900000000001,3.577883173009902,1.04290901259224,36.19407
13320.900000000001,3.5771268501537326,1.04290901259224,36.19736
13322.900000000001,3.5761756477536846,1.04290901259224,36.19736
13324.900000000001,3.575041162555095,1.04072262053229,36.19407
13326.900000000001,3.5742848402721576,1.04290901259224,36.19407
13328.900000000001,3.573156153013245,1.04290901259224,36.19078
13330.900000000001,3.572393755357632,1.04290901259224,36.19407
13332.900000000001,3.57173514893786,1.04072262053229,36.19736
13334.900000000001,3.570887187321688,1.04290901259224,36.19736
13336.900000000001,3.570216704225095,1.04290901259224,36.19736
13338.900000000001,3.569185456786926,1.0417823083052815,36.19736
13340.900000000001,3.56852077638456,1.0418517652181973,36.19407
13342.900000000001,3.56757537269241,1.04290901259224,36.19736
13344.900000000001,3.566727407907075,1.04290901259224,36.19736
13346.900000000001,3.5662576063289455,1.04072262053229,36.19736
13348.900000000001,3.56549548456968,1.04290901259224,36.1965097337693
13350.900000000001,3.564830627554487,1.04072262053229,36.19407
13352.900000000001,3.5641780446111175,1.04290901259224,36.19407
13354.900000000001,3.56341559644695,1.041782300543306,36.18919028034276
13356.900000000001,3.562756711680705,1.04290901259224,36.1875
13358.900000000001,3.562000388726926,1.04290901259224,36.18590057522055
13360.900000000001,3.56133570832423,1.04290901259224,36.1842
13362.900000000001,3.5606770525852434,1.04072262053229,36.1842
13364.900000000001,3.5601095835497842,1.04290901259224,36.18590061374169
13366.900000000001,3.5593532591571866,1.04290901259224,36.18553284280904
13368.900000000001,3.55887765872464,1.04290901259224,36.18499963111782
13370.900000000001,3.55812133577092,1.04290901259224,36.1842
13372.900000000001,3.5576517637748597,1.0418520078701565,36.1842
13374.900000000001,3.5569810528252965,1.0418493414663759,36.1842
13376.900000000001,3.55641960912505,1.04072262053229,36.1842
13378.900000000001,3.55585236690976,1.04072262053229,36.1842
13380.900000000001,3.55528512469447,1.04290901259224,36.1842
13382.900000000001,3.55452880174076,1.04290901259224,36.18091
13384.900000000001,3.5540589983843094,1.04290901259224,36.18091
13386.900000000001,3.55358339804861,1.04290901259224,36.18091
13388.900000000001,3.5533026769665343,1.04290901259224,36.18091
13390.900000000001,3.552546509622746,1.0418511497075313,36.17762
13392.900000000001,3.551973088747231,1.04290901259224,36.17433
13394.900000000001,3.5515951518053606,1.0417823005362872,36.17433
13396.900000000001,3.5510279094929498,1.0417822994132508,36.17762
13398.900000000001,3.5503690254953,1.04290901259224,36.17762
13400.900000000001,3.5500884657584715,1.04290901259224,36.17762
13402.900000000001,3.5493321944697738,1.04290901259224,36.17762
13404.900000000001,3.54885637958786,1.04290901259224,36.17762
13406.900000000001,3.5483807783380783,1.04072262053229,36.18091
13408.900000000001,3.5479051709442166,1.04072262053229,36.18091
13410.900000000001,3.547252294692172,1.04185167867475,36.18091
13412.900000000001,3.5468741954015073,1.04290901259224,36.18091
13414.900000000001,3.54639832998828,1.04290901259224,36.18091
13416.900000000001,3.54620924924985,1.04290901259224,36.18091
13418.900000000001,3.54564200703456,1.041849350914679,36.18091
13420.900000000001,3.5449771868352724,1.04072262053229,36.17762
13422.900000000001,3.544794267500731,1.0418519377862192,36.17762
13424.900000000001,3.5442267984501363,1.04072262053229,36.18091
13426.900000000001,3.54384864019115,1.041782281087551,36.18091
13428.900000000001,3.542903235634046,1.04072262053229,36.18091
13430.900000000001,3.54318395743497,1.04072262053229,36.18204142550005
13432.900000000001,3.54223855374282,1.04290901259224,36.18091
13434.900000000001,3.541957829589406,1.04072262053229,36.18091
13436.900000000001,3.541390589775093,1.0418493425959465,36.18091
13438.900000000001,3.541012427481836,1.04072262053229,36.18091
13440.900000000001,3.540628278279923,1.04290901259224,36.18260875176139
13442.900000000001,3.5402500898431155,1.041779783715434,36.18091
13444.900000000001,3.53978050414324,1.04072262053229,36.17762
13446.900000000001,3.53940234266638,1.04072262053229,36.17762
13448.900000000001,3.53921326192795,1.04072262053229,36.17762
13450.900000000001,3.53864601971266,1.0418515829762007,36.17762
13452.900000000001,3.538176444661195,1.04072262053229,36.17762
13454.900000000001,3.537798056513349,1.04072262053229,36.18091
13456.900000000001,3.53732245454365,1.0418493686793973,36.18091
13458.900000000001,3.5370421631025675,1.0418543184033056,36.18091
13460.900000000001,3.53656613158993,1.0418516460727414,36.17762
13462.900000000001,3.53618797011307,1.04290901259224,36.17762
13464.900000000001,3.53580980863621,1.0418494175863724,36.17762
13466.900000000001,3.53543164715935,1.04072262053229,36.17433
13468.900000000001,3.5353402048918112,1.04290901259224,36.17433
13470.900000000001,3.53486440494406,1.04290901259224,36.17433
13472.900000000001,3.53467532420563,1.0418493420416413,36.17433
13474.900000000001,3.53391900125191,1.04290901259224,36.17433
13476.900000000001,3.53354083977505,1.04290901259224,36.17433
13478.900000000001,3.5331684786429873,1.04290901259224,36.17433
13480.900000000001,3.532876158651514,1.04290901259224,36.17433
13482.900000000001,3.53240635534447,1.04290901259224,36.17433
13484.900000000001,3.532125632776153,1.04290901259224,36.17433
13486.900000000001,3.5315583930107977,1.04290901259224,36.17762
13488.900000000001,3.5313635080869483,1.04290901259224,36.17762
13490.900000000001,3.53089370943704,1.04290901259224,36.17762
13492.900000000001,3.5307104318245113,1.04290901259224,36.17762
13494.900000000001,3.5303322658361784,1.04290901259224,36.17762
13496.900000000001,3.5300399459899974,1.0417822816375846,36.17762
13498.900000000001,3.5294785055592532,1.041782263872578,36.17762
13500.900000000001,3.5292894224677664,1.04290901259224,36.17762
13502.900000000001,3.52881382131431,1.041782291077798,36.17433
13504.900000000001,3.52853310263459,1.04290901259224,36.17433
13506.900000000001,3.615570901781276,-0.972944466674099,36.17433
13508.900000000001,3.6243786453547875,-0.972944466674099,36.17762
13510.900000000001,3.629672919226491,-0.972944466674099,36.17804709918819
13512.900000000001,3.6337931589568773,-0.972944466674099,36.17762
13514.900000000001,3.637047058661187,-0.972944466674099,36.18091
13516.900000000001,3.6402219043225994,-0.972944466674099,36.18091
13518.900000000001,3.642908565903489,-0.9712151668126859,36.18091
13520.900000000001,3.6457052501597667,-0.9712151996275882,36.18091
13522.900000000001,3.64812376726348,-0.972944466674099,36.18022222281522
13524.900000000001,3.650282706519133,-0.972944466674099,36.17762
13526.900000000001,3.6525121526516964,-0.972944466674099,36.18091
13528.900000000001,3.6547020666915717,-0.972944466674099,36.18091
13530.900000000001,3.6564828531721236,-0.972944466674099,36.17762
13532.900000000001,3.65852320787711,-0.972944466674099,36.17762
13534.900000000001,3.66022493452298,-0.972944466674099,36.17750503030795
13536.900000000001,3.6621552699806412,-0.972944466674099,36.17433
13538.900000000001,3.66381746855315,-0.972944466674099,36.17433
13540.900000000001,3.6653696453715034,-0.972944466674099,36.17433
13542.900000000001,3.6671108999031907,-0.972944466674099,36.17105
13544.900000000001,3.6687730989945133,-0.972944466674099,36.17105
13546.900000000001,3.6703957666562106,-0.972944466674099,36.16775
13548.900000000001,3.671798390146913,-0.972944466674099,36.16775
13550.900000000001,3.67327150547463,-0.972944466674099,36.16775
13552.900000000001,3.674863206865589,-0.972944466674099,36.16446
13554.900000000001,3.676375853434912,-0.972944466674099,36.16446
13556.900000000001,3.6776598921163206,-0.972944466674099,36.16446
13558.900000000001,3.67898345655073,-0.9724873829725059,36.16446
13560.900000000001,3.6803070092068935,-0.972944466674099,36.16118
13562.900000000001,3.6812919564663757,-0.972944466674099,36.15788
13564.900000000001,3.682765074228702,-0.972944466674099,36.15788
13566.900000000001,3.6840886388074336,-0.972944466674099,36.15788
13568.900000000001,3.68537267273414,-0.972944466674099,36.15788
13570.900000000001,3.686357588201438,-0.972944466674099,36.15788
13572.900000000001,3.687492086422818,-0.9712151194950541,36.15788
13574.900000000001,3.68877612602587,-0.9724873928090088,36.15788
13576.900000000001,3.689571977714984,-0.9724873851441524,36.16118
13578.900000000001,3.690706461151402,-0.972944466674099,36.16118
13580.900000000001,3.6916518458986665,-0.972944466674099,36.16118
13582.900000000001,3.69255774079447,-0.972944466674099,36.16118
13584.900000000001,3.69369222522505,-0.972944466674099,36.15788
13586.900000000001,3.69463762891719,-0.972944466674099,36.15788
13588.900000000001,3.695244398873579,-0.972944466674099,36.15788
13590.900000000001,3.6964494145946816,-0.972944466674099,36.15788
13592.900000000001,3.6968670677899427,-0.972944466674099,36.16049008857471
13594.900000000001,3.6978520014705,-0.972944466674099,36.1546
13596.900000000001,3.69860832442422,-0.972944466674099,36.155285730145835
13598.900000000001,3.699404175118842,-0.972944466674099,36.1546
13600.900000000001,3.7001999985165464,-0.972944466674099,36.1546
13602.900000000001,3.701105904934045,-0.972944466674099,36.1546
13604.900000000001,3.7016336162391,-0.972944466674099,36.1546
13606.900000000001,3.70257901993124,-0.972944466674099,36.15788
13608.900000000001,3.70314626214653,-0.972944466674099,36.15788
13610.900000000001,3.70401264096464,-0.972944466674099,36.1546
13612.900000000001,3.704430297658753,-0.972944466674099,36.1513
13614.900000000001,3.70522615026926,-0.972944466674099,36.14802
13616.900000000001,3.7059429600528406,-0.972944466674099,36.14802
13618.900000000001,3.7062110845400222,-0.972944466674099,36.1513
13620.900000000001,3.70692787691513,-0.972944466674099,36.1513
13622.900000000001,3.707644670543545,-0.972944466674099,36.1513
13624.900000000001,3.7079918733383153,-0.972944466674099,36.1513
13626.900000000001,3.70896823538116,-0.9724873744908418,36.14802
13628.900000000001,3.70938592651472,-0.9724873821553313,36.1513
13630.900000000001,3.709843113669584,-0.972944466674099,36.1513
13632.900000000001,3.7103708614479762,-0.972944466674099,36.1513
13634.900000000001,3.71089857242215,-0.9712151561374741,36.1513
13636.900000000001,3.71165489537587,-0.972944466674099,36.14802
13638.900000000001,3.71222213759116,-0.972944466674099,36.14802
13640.900000000001,3.7127498636571477,-0.972944466674099,36.14802
13642.900000000001,3.71316754128331,-0.972944466674099,36.14802
13644.900000000001,3.7137347834986,-0.972944466674099,36.14802
13646.900000000001,3.6698104250084453,0.0021863920599418,36.14802
13648.900000000001,3.66722092184488,0.0021863920599418,36.14802
13650.900000000001,3.6657659015274318,0.0021863920599418,36.14802
13652.900000000001,3.6645165066096195,0.0021863920599418,36.1513
13654.900000000001,3.66325022633786,0.0021863920599418,36.1513
13656.900000000001,3.662436276692787,0.0021863920599418,36.14802
13658.900000000001,3.661869052726029,0.0021863920599418,36.14802
13660.900000000001,3.6609812574767,0.0,36.14701736295851
13662.900000000001,3.66041401526141,0.0021863920599418,36.14473
13664.900000000001,3.65965769230769,0.0,36.14473
13666.900000000001,3.65927953083083,0.0,36.14473
13668.900000000001,3.65890136935397,0.0015200389404313075,36.14143
13670.900000000001,3.6580135929718205,0.0021863920599418,36.14143
13672.900000000001,3.65757780418497,0.0,36.13486
13674.900000000001,3.6574628600352725,0.0,36.13486
13676.900000000001,3.65701056196968,0.001520019047145677,36.13486
13678.900000000001,3.656574773318824,0.0,36.13157
13680.900000000001,3.65606515827753,0.0021863920599418,36.12828
13682.900000000001,3.655818787105374,0.0,36.125
13684.900000000001,3.655555388276152,0.0015218252023764143,36.1217
13686.900000000001,3.6553826617144307,0.0006663587021495231,36.1217
13688.900000000001,3.65493067384695,0.001520015029354723,36.11841
13690.900000000001,3.65455251237009,0.0021863920599418,36.11841
13692.900000000001,3.6546842890506963,0.0015237696370067717,36.11512
13694.900000000001,3.654231822967783,0.0021863920599418,36.11183
13696.900000000001,3.65379618941637,0.0,36.11183
13698.900000000001,3.6537385611404907,0.0,36.10855
13700.900000000001,3.65360710867794,0.0,36.10525
13702.900000000001,3.65341802793951,0.0,36.10525
13704.900000000001,3.6531714900145396,0.0,36.10196
13706.900000000001,3.6529084141352457,0.0015200190526240102,36.09868
13708.900000000001,3.652793157448527,0.0,36.09868
13710.900000000001,3.65266170498579,0.0015200277756656341,36.09538
13712.900000000001,3.65247262424736,0.0,36.09538
13714.900000000001,3.6520944627705,0.0,36.09538
13716.900000000001,3.652414995353527,0.0,36.09538
13718.900000000001,3.6518477564429253,0.0,36.0921
13720.900000000001,3.6517000958730486,0.0021863920599418,36.0921
13722.900000000001,3.6516589926637484,0.0,36.0921
13724.900000000001,3.6516588395846643,0.0,36.0888
13726.900000000001,3.6513957660241583,0.0,36.08780035317309
13728.900000000001,3.65152722055521,0.0,36.083232664601766
13730.900000000001,3.65114905907835,0.0,36.08223
13732.900000000001,3.651223646896144,0.0006619564072896341,36.07631002113452
13734.900000000001,3.6510748914726214,0.001522006139388857,36.07236
13736.900000000001,3.65095997833992,0.0015200700118433751,36.07236
13738.900000000001,3.65095997833992,0.0,36.06907
13740.900000000001,3.65077089760149,0.0,36.06907
13742.900000000001,3.65058181686306,0.0,36.06907
13744.900000000001,3.6506559456415615,0.0,36.06578
13746.900000000001,3.6504665634825293,0.0015200389502246202,36.0625
13748.900000000001,3.65039273612464,0.0,36.0592
13750.900000000001,3.650335111985,0.0,36.0592
13752.900000000001,3.65020365538621,0.0,36.0592
13754.900000000001,3.650072044180314,0.0,36.0592
13756.900000000001,3.6500722024395764,0.0,36.0625
13758.900000000001,3.649956950643869,0.0021863920599418,36.0625
13760.900000000001,3.649883119014636,0.0021863920599418,36.05591
13762.900000000001,3.65001457464778,0.0,36.05262
13764.900000000001,3.6497680355624618,0.0006644065093967018,36.04933
13766.900000000001,3.64982549390935,0.0,36.04605
13768.900000000001,3.64982549390935,0.0015200445361517397,36.04275
13770.900000000001,3.6494311237044736,0.0,36.03946
13772.900000000001,3.64982549390935,0.0015244395389996499,36.03618
13774.900000000001,3.649562270132947,0.0,36.03618
13776.900000000001,3.64944733243249,0.0,36.03288
13778.900000000001,3.64963641317092,0.0,36.0296
13780.900000000001,3.6495211588253498,0.0,36.0296
13782.900000000001,3.6493155114498976,0.0,36.0296
13784.900000000001,3.6493898775080016,0.0015220251246902692,36.0296
13786.900000000001,3.649315877901252,0.0,36.0296
13788.900000000001,3.649184427504527,0.0,36.0296
13790.900000000001,3.649200623902594,0.0021863920599418,36.0263
13792.900000000001,3.64925825169406,0.0,36.0263
13794.900000000001,3.6489949921058207,0.0,36.0263
13796.900000000001,3.6493320790525785,0.0,36.02302
13798.900000000001,3.64906917095563,0.0,36.02302
13800.900000000001,3.64893771594134,0.0,36.01973
13802.900000000001,3.6490118928501474,0.0,36.01973
13804.900000000001,3.649011678357641,0.0,36.01973
13806.900000000001,3.648953921982808,0.0021863920599418,36.01973
13808.900000000001,3.6487486372699585,0.0,36.01973
13810.900000000001,3.649011544748658,0.0,36.01973
13812.900000000001,3.6014499752079545,1.07570489349136,36.01643
13814.900000000001,3.5969413087881112,1.07570489349136,36.01643
13816.900000000001,3.5946434953102893,1.07570489349136,36.01315
13818.900000000001,3.5923157423246317,1.07570489349136,36.01315
13820.900000000001,3.59064322278084,1.07570489349136,36.01315
13822.900000000001,3.5886941125310066,1.07570489349136,36.00986
13824.900000000001,3.58686160801224,1.07570489349136,36.00657
13826.900000000001,3.585378111952847,1.07570489349136,36.00657
13828.900000000001,3.58402539693579,1.07570489349136,36.00328
13830.900000000001,3.5824835982547505,1.07570489349136,36.00328
13832.900000000001,3.5808693250564,1.07570489349136,36.00328
13834.900000000001,3.579734838434376,1.07570489349136,36.00328
13836.900000000001,3.5786728392437115,1.07570489349136,36.0
13838.900000000001,3.57721849035232,1.07570489349136,36.0
13840.900000000001,3.5759240755202835,1.07570489349136,35.996869585600976
13842.900000000001,3.5747312906599573,1.07570489349136,35.9967
13844.900000000001,3.5732769457901057,1.07570489349136,35.9967
13846.900000000001,3.5726222524446647,1.07570489349136,35.9967
13848.900000000001,3.5713277907134966,1.07570489349136,36.0
13850.900000000001,3.5701208798808164,1.07570489349136,36.0
13852.900000000001,3.5692479479049712,1.07570489349136,36.00328
13854.900000000001,3.5681426149077,1.07570489349136,36.00328
13856.900000000001,3.56719721121555,1.07570489349136,36.00328
13858.900000000001,3.5662518075234,1.07570489349136,36.001841208884294
13860.900000000001,3.56530640383125,1.07570489349136,36.0
13862.900000000001,3.5643610001391,1.07570489349136,36.00328
13864.900000000001,3.56341559644695,1.07570489349136,36.00328
13866.900000000001,3.56265927349323,1.07570489349136,36.00657
13868.900000000001,3.561684711666131,1.07570489349136,36.00657
13870.900000000001,3.56076846610894,1.07570489349136,36.00986
13872.900000000001,3.5601720724531187,1.07570489349136,36.00986
13874.900000000001,3.5592849671257896,1.07570489349136,36.01315
13876.900000000001,3.55849949724778,1.07570489349136,36.01643
13878.900000000001,3.5577723905276826,1.07570489349136,36.01643
13880.900000000001,3.5571176292119495,1.07570489349136,36.01643
13882.900000000001,3.556550393334438,1.07570489349136,36.01643
13884.900000000001,3.555445056680039,1.07570489349136,36.01643
13886.900000000001,3.5547470301361734,1.07570489349136,36.01643
13888.900000000001,3.55396155952547,1.07570489349136,36.01643
13890.900000000001,3.55358339804861,1.07570489349136,36.01643
13892.900000000001,3.5525072169743823,1.07570489349136,36.01973
13894.900000000001,3.5522598328796,1.07570489349136,36.01973
13896.900000000001,3.5512852831150856,1.07570489349136,36.02302
13898.900000000001,3.55058730724458,1.07570489349136,36.0263
13900.900000000001,3.5500200135044206,1.07570489349136,36.0263
13902.900000000001,3.549583555372907,1.07570489349136,36.0263
13904.900000000001,3.549016311817597,1.07570489349136,36.0263
13906.900000000001,3.54828913737257,1.07570489349136,36.0263
13908.900000000001,3.54753281441885,1.07570489349136,36.0296
13910.900000000001,3.5471838014509114,1.07570489349136,36.0296
13912.900000000001,3.54658741072671,1.07570489349136,36.03592560032859
13914.900000000001,3.54583108777299,1.07570489349136,36.03618
13916.900000000001,3.54507476481927,1.07570489349136,36.03618
13918.900000000001,3.5445367370094307,1.07570489349136,36.03618
13920.900000000001,3.54394028038869,1.07570489349136,36.03618
13922.900000000001,3.5436204212918025,1.07570489349136,36.03946
13924.900000000001,3.5429657270914805,1.07570489349136,36.03946
13926.900000000001,3.542587566466041,1.07570489349136,36.03946
13928.900000000001,3.54186039226596,1.07570489349136,36.04275
13930.900000000001,3.54129315005067,1.07570489349136,36.04275
13932.900000000001,3.54072590783538,1.07570489349136,36.04275
13934.900000000001,3.540318596627797,1.07570489349136,36.04605
13936.900000000001,3.53978050414324,1.07570489349136,36.04605
13938.900000000001,3.539184014292124,1.07570489349136,36.04605
13940.900000000001,3.5384860882164704,1.07570489349136,36.04933
13942.900000000001,3.538297004064202,1.07570489349136,36.05262
13944.900000000001,3.5379621951603437,1.07570489349136,36.05262
13946.900000000001,3.53697343999174,1.07570489349136,36.05262
13948.900000000001,3.5365953915182007,1.07570489349136,36.05262
13950.900000000001,3.536347900268794,1.07570489349136,36.05591
13952.900000000001,3.53562072789778,1.07570489349136,36.05262
13954.900000000001,3.53543164715935,1.07570489349136,36.05262
13956.900000000001,3.5345153946576096,1.07570489349136,36.05591
13958.900000000001,3.53429716272877,1.07570489349136,36.05591
13960.900000000001,3.5339481481769703,1.07570489349136,36.0625
13962.900000000001,3.53335175903662,1.07570489349136,36.06578
13964.900000000001,3.53297359755976,1.07570489349136,36.06907
13966.900000000001,3.53240635534447,1.07570489349136,36.06907
13968.900000000001,3.53221727460605,1.07570489349136,36.07236
13970.900000000001,3.53183911312919,1.07570489349136,36.07565
13972.900000000001,3.5309228597755444,1.07570489349136,36.07565
13974.900000000001,3.5305446989063065,1.07570489349136,36.07893
13976.900000000001,3.5304571339608026,1.07570489349136,36.08223
13978.900000000001,3.529918811917825,1.07570489349136,36.07893
13980.900000000001,3.529439355187995,1.07570489349136,36.07893
13982.900000000001,3.52881382131431,1.07570489349136,36.08223
13984.900000000001,3.528304876607399,1.07570489349136,36.079269152786
13986.900000000001,3.528217431684936,1.07570489349136,36.08223
13988.900000000001,3.5277085311981726,1.07570489349136,36.08501201967734
13990.900000000001,3.52711209466844,1.07570489349136,36.08552
13992.900000000001,3.5268938622508856,1.07570489349136,36.0888
13994.900000000001,3.52635577171472,1.07570489349136,36.0888
13996.900000000001,3.5260067563112067,1.07570489349136,36.0888
13998.900000000001,3.525599448761,1.07570489349136,36.0921
14000.900000000001,3.5252504354312655,1.07570489349136,36.09538
14002.900000000001,3.5250030551107687,1.07570489349136,36.09538
14004.900000000001,3.524275883592,1.07570489349136,36.09538
14006.900000000001,3.52408680285357,1.07570489349136,36.09538
14008.900000000001,3.52351956063828,1.07570489349136,36.09868
14010.900000000001,3.523112251258474,1.07570489349136,36.10196
14012.900000000001,3.52257415694613,1.07570489349136,36.10525
14014.900000000001,3.52219599546927,1.07570489349136,36.10525
14016.900000000001,3.5220652205339222,1.07570489349136,36.10525
14018.900000000001,3.5217886834088405,1.07570489349136,36.10525
14020.900000000001,3.52127974077626,1.07570489349136,36.10855
14022.900000000001,3.5209015795433642,1.07570489349136,36.10855
14024.900000000001,3.52030518808497,1.07570489349136,36.10855
14026.900000000001,3.52011610734654,1.07570489349136,36.11183
14028.900000000001,3.5193889360725032,1.07570489349136,36.11183
14030.900000000001,3.5193889347325267,1.07570489349136,36.11512
14032.900000000001,3.5191415501456396,1.07570489349136,36.11512
14034.900000000001,3.5187633907419187,1.07570489349136,36.11512
14036.900000000001,3.5180653693187685,1.07570489349136,36.11512
14038.900000000001,3.51781798570957,1.07570489349136,36.11183
14040.900000000001,3.51765805774695,1.07570489349136,36.11512
14042.900000000001,3.51746897700853,1.07570489349136,36.11841
14044.900000000001,3.516741803298481,1.07570489349136,36.1217
14046.900000000001,3.51652357331638,1.07570489349136,36.12828
14048.900000000001,3.51633449257795,1.07570489349136,36.13157
14050.900000000001,3.51595633110109,1.07570489349136,36.13157
14052.900000000001,3.51557816962423,1.07570489349136,36.13157
14054.900000000001,3.5155198609023834,1.07570489349136,36.13157
14056.900000000001,3.51482184667051,1.07570489349136,36.13157
14058.900000000001,3.514472838214108,1.07570489349136,36.13157
14060.900000000001,3.5140946764932437,1.07570489349136,36.12878725756271
14062.900000000001,3.51387644297836,1.07570489349136,36.12878721941425
14064.900000000001,3.5134982815015,1.07570489349136,36.13157
14066.900000000001,3.51312012002464,1.07570489349136,36.13486
14068.900000000001,3.5129018862656416,1.07570489349136,36.13486
14070.900000000001,3.51255287780935,1.07570489349136,36.13815
14072.900000000001,3.51217471633249,1.07570489349136,36.14143
14074.900000000001,3.511956483913497,1.07570489349136,36.14143
14076.900000000001,3.5116074741172,1.07570489349136,36.14143
14078.900000000001,3.5110693830937674,1.07570489349136,36.14143
14080.900000000001,3.5108803017477017,1.07570489349136,36.14143
14082.900000000001,3.5106329191077585,1.07570489349136,36.14473
14084.900000000001,3.51047298968662,1.07570489349136,36.14802
14086.900000000001,3.509934898055587,1.07570489349136,36.14802
14088.900000000001,3.50952758599448,1.07570489349136,36.14802
14090.900000000001,3.509309354916022,1.07570489349136,36.1513
14092.900000000001,3.5088004176462513,1.07570489349136,36.1546
14094.900000000001,3.50858218230233,1.07570489349136,36.1546
14096.900000000001,3.5083931015639,1.07570489349136,36.1546
14098.900000000001,3.508174868900357,1.07570489349136,36.1546
14100.900000000001,3.50763677861018,1.07570489349136,36.1546
14102.900000000001,3.50744769787175,1.07570489349136,36.15788
14104.900000000001,3.50706953639489,1.07570489349136,36.16118
14106.900000000001,3.5534678323409885,-0.004008953227750162,36.16446
14108.900000000001,3.5580792590260284,0.0,36.16446
14110.900000000001,3.56057938537051,0.0,36.16446
14112.900000000001,3.56284835423166,0.0,36.16446
14114.900000000001,3.56473916161596,0.0,36.16775
14116.900000000001,3.566325321585581,0.0,36.17105
14118.900000000001,3.56776445343084,0.0,36.17105
14120.900000000001,3.56889893786142,0.0,36.17433
14122.900000000001,3.570485058412346,0.0,36.17105
14124.900000000001,3.5713149411857295,0.0,36.16775
14126.900000000001,3.5726070347825645,0.0,36.16775
14128.900000000001,3.5735839177949797,0.0,36.16446
14130.900000000001,3.57476044075274,0.0008501353869372065,36.16118
14132.900000000001,3.57570584444489,0.0,36.159896892413876
14134.900000000001,3.57646216739861,0.0,36.15788
14136.900000000001,3.57740757109075,0.0,36.1546
14138.900000000001,3.5780903739076177,0.0,36.1546
14140.900000000001,3.578993735989557,0.0,36.1546
14142.900000000001,3.57986562069034,0.0,36.1513
14144.900000000001,3.5803172997508197,0.0013362882237372296,36.1513
14146.900000000001,3.58118918585935,0.0,36.1513
14148.900000000001,3.58194550881307,0.0,36.14802
14150.900000000001,3.58251275102836,0.0,36.14802
14152.900000000001,3.583006476365009,0.0008500956843508345,36.14473
14154.900000000001,3.5835316709831417,0.001336303498677195,36.14143
14156.900000000001,3.58440355841265,0.0,36.13486
14158.900000000001,3.5848972789066575,0.0,36.13486
14160.900000000001,3.5853489621048,0.0,36.13486
14162.900000000001,3.5860632375504866,0.0,36.13157
14164.900000000001,3.58667252727381,0.0,36.13157
14166.900000000001,3.5872397694891,0.0,36.12828
14168.900000000001,3.5875758744768422,0.0021863920599418,36.125
14170.900000000001,3.5881116607043526,0.0,36.125
14172.900000000001,3.588489822533301,0.0,36.1217
14174.900000000001,3.5890150104602077,0.0,36.1217
14176.900000000001,3.58931965761183,0.0,36.1217
14178.900000000001,3.58988689982712,0.0013363289494556076,36.11841
14180.900000000001,3.590338574396789,0.0,36.11512
14182.900000000001,3.59064322278084,0.0,36.11183
14184.900000000001,3.5911369503186172,0.0,36.10855
14186.900000000001,3.5915151111793855,0.000850077356020156,36.10855
14188.900000000001,3.59177770721141,0.0,36.10525
14190.900000000001,3.5922714373025944,0.0,36.09868
14192.900000000001,3.592418457943466,0.0,36.09538
14194.900000000001,3.5929542424982306,0.0021863920599418,36.09538
14196.900000000001,3.59329035311885,0.0,36.0921
14198.900000000001,3.59366851459571,0.0,36.0888
14200.900000000001,3.593899654466832,0.0,36.083904742895896
14202.900000000001,3.594235756811,0.0,36.08223
14204.900000000001,3.5944983544273743,0.0,36.07893
14206.900000000001,3.594918567640755,0.0,36.07765477879764
14208.900000000001,3.5951076483790443,0.0,36.07565
14210.900000000001,3.595254673947961,0.0,36.07236
14212.900000000001,3.595821915811206,0.0,36.071080874071
14214.900000000001,3.5961265641953,0.0,36.07236
14216.900000000001,3.5962421296405087,0.0,36.06907
14218.900000000001,3.596389156089116,0.0008500295047924179,36.06907
14220.900000000001,3.596651749214923,0.0,36.06578
14222.900000000001,3.59707196788745,0.0,36.0625
14224.900000000001,3.5973345648874786,0.0,36.0625
14226.900000000001,3.59745012936431,0.0,36.05591
14228.900000000001,3.59763921010274,0.0,36.05591
14230.900000000001,3.5979438594557878,0.0,36.05262
14232.900000000001,3.5221199736897564,1.6376076528964,36.04933
14234.900000000001,3.5170528087589226,1.6376076528964,36.04933
14236.900000000001,3.5132712098224332,1.6376076528964,36.04605
14238.900000000001,3.5099437529778768,1.6376076528964,36.04605
14240.900000000001,3.507409686034287,1.6376076528964,36.04275
14242.900000000001,3.50480056753373,1.6376076528964,36.04275
14244.900000000001,3.502644667761117,1.6376076528964,36.04605
14246.900000000001,3.5005647726783815,1.6376076528964,36.04933
14248.900000000001,3.498333815654571,1.6376076528964,36.05262
14250.900000000001,3.4962539243702935,1.6376076528964,36.0592
14252.900000000001,3.4944011269201,1.6376076528964,36.0625
14254.900000000001,3.49247231149726,1.6376076528964,36.06578
14256.900000000001,3.4906575195532703,1.6376076528964,36.06907
14258.900000000001,3.4887287047672,1.6376076528964,36.06907
14260.900000000001,3.4874051395982,1.6376076528964,36.06907
14262.900000000001,3.48589249369076,1.6376076528964,36.07236
14264.900000000001,3.4841527596355006,1.6376076528964,36.07893
14266.900000000001,3.483018303383724,1.6376076528964,36.07893
14268.900000000001,3.48135455596844,1.6376076528964,36.08223
14270.900000000001,3.47984191006101,1.6376076528964,36.08552
14272.900000000001,3.4786694172733994,1.6376076528964,36.0888
14274.900000000001,3.47738386046142,1.6376076528964,36.0921
14276.900000000001,3.4760222856692917,1.6376076528964,36.09824056278333
14278.900000000001,3.4747367301234,1.6376076528964,36.10196
14280.900000000001,3.47379132643125,1.6376076528964,36.10525
14282.900000000001,3.47265684200068,1.6376076528964,36.10855
14284.900000000001,3.47133327683167,1.6376076528964,36.109209273762495
14286.900000000001,3.47034991861532,1.6376076528964,36.11512
14288.900000000001,3.46944246944737,1.6376076528964,36.11774866665222
14290.900000000001,3.46849706575522,1.6376076528964,36.1217
14292.900000000001,3.467400590947362,1.6376076528964,36.122363376693066
14294.900000000001,3.4665682531837554,1.6376076528964,36.128941289282075
14296.900000000001,3.46566085467878,1.6376076528964,36.13486
14298.900000000001,3.464753459024642,1.6376076528964,36.14143
14300.900000000001,3.4639211193575368,1.6376076528964,36.14802
14302.900000000001,3.46301372434076,1.6376076528964,36.1513
14304.900000000001,3.46206832064861,1.6376076528964,36.15788
14306.900000000001,3.461160910110772,1.6376076528964,36.16775
14308.900000000001,3.4600264405637597,1.6376076528964,36.17433
14310.900000000001,3.459723335711252,1.6376076528964,36.17762
14312.900000000001,3.458815940367813,1.6376076528964,36.18091
14314.900000000001,3.458059617103403,1.6376076528964,36.1875
14316.900000000001,3.45715222144944,1.6376076528964,36.1875
14318.900000000001,3.45620681775729,1.6376076528964,36.19407
14320.900000000001,3.455752638293207,1.6376076528964,36.20065
14322.900000000001,3.454732180206177,1.6376076528964,36.21052
14324.900000000001,3.45412692963456,1.6376076528964,36.2138
14326.900000000001,3.4534085751404255,1.6376076528964,36.22038
14328.900000000001,3.45280336446555,1.6376076528964,36.22696
14330.900000000001,3.4518579607734,1.6376076528964,36.23355
14332.900000000001,3.45091255708126,1.6376076528964,36.24012
14334.900000000001,3.4505343956044,1.6376076528964,36.24341
14336.900000000001,3.44977807265068,1.6376076528964,36.2467
14338.900000000001,3.4493248545492907,1.6376076528964,36.25328
14340.900000000001,3.448605580182463,1.6376076528964,36.25986
14342.900000000001,3.44788726526638,1.6376076528964,36.26643
14344.900000000001,3.44732002305109,1.6376076528964,36.26973
14346.900000000001,3.44694186157423,1.6376076528964,36.27302
14348.900000000001,3.4461095250771736,1.6376076528964,36.28288
14350.900000000001,3.44524013492836,1.6376076528964,36.28946
14352.900000000001,3.4446348827720414,1.6376076528964,36.29275
14354.900000000001,3.4439545743170443,1.6376076528964,36.29605
14356.900000000001,3.4435763647091093,1.6376076528964,36.30086163217911
14358.900000000001,3.4426310110433636,1.6376076528964,36.30700276781049
14360.900000000001,3.442327905882179,1.6376076528964,36.31644135536206
14362.900000000001,3.4416476008982,1.6376076528964,36.32565
14364.900000000001,3.4407402004659207,1.6376076528964,36.32893
14366.900000000001,3.4406642864050774,1.6376076528964,36.33288964696476
14368.900000000001,3.4398698632417224,1.6376076528964,36.339463304832336
14370.900000000001,3.4393026191318934,1.6376076528964,36.34538
14372.900000000001,3.43881138982175,1.6376076528964,36.349228784356455
14374.900000000001,3.438206140516727,1.6376076528964,36.35558166624258
14376.900000000001,3.4377148161919227,1.6376076528964,36.358658270321854
14378.900000000001,3.4369585876240194,1.6376076528964,36.36183
14380.900000000001,3.43635334022217,1.6376076528964,36.36512
14382.900000000001,3.43597517874531,1.6376076528964,36.36841
14384.900000000001,3.4352568603488436,1.6376076528964,36.3717
14386.900000000001,3.43484069431473,1.6376076528964,36.375
14388.900000000001,3.434160384903201,1.6376076528964,36.38157
14390.900000000001,3.4335551403520754,1.6376076528964,36.38815
14392.900000000001,3.43332804840729,1.6376076528964,36.39143
14394.900000000001,3.432760806192,1.6376076528964,36.4013
14396.900000000001,3.432306762273509,1.6376076528964,36.4046
14398.900000000001,3.43162632176142,1.6376076528964,36.41118
14400.900000000001,3.431210150981636,1.6376076528964,36.41446
14402.900000000001,3.43068091806927,1.6376076528964,36.41775
14404.900000000001,3.43030275659241,1.6376076528964,36.42433
14406.900000000001,3.42954643363869,1.6376076528964,36.43091
14408.900000000001,3.42935735290026,1.6376076528964,36.4342
14410.900000000001,3.428714097797102,1.6376076528964,36.4375
14412.900000000001,3.42822286846969,1.6376076528964,36.44407
14414.900000000001,3.4276176194838324,1.6376076528964,36.44736
14416.900000000001,3.42708838403911,1.6376076528964,36.45393
14418.900000000001,3.4266722170577166,1.6376076528964,36.46052
14420.900000000001,3.426294054004538,1.6376076528964,36.4671
14422.900000000001,3.42557573813167,1.6376076528964,36.47038
14424.900000000001,3.425046501739213,1.6376076528964,36.47368
14426.900000000001,3.424592327358228,1.6376076528964,36.47696
14428.900000000001,3.42425217296266,1.6376076528964,36.48311055080251
14430.900000000001,3.4236469271462946,1.6376076528964,36.48683
14432.900000000001,3.4230796804954338,1.6376076528964,36.49165223267434
14434.900000000001,3.4227015196478345,1.6376076528964,36.5
14436.900000000001,3.422512569121408,1.6376076528964,36.50328
14438.900000000001,3.421832128540838,1.6376076528964,36.50657
14440.900000000001,3.4212648891840187,1.6376076528964,36.50986
14442.900000000001,3.42084871967093,1.6376076528964,36.51052131683095
14444.900000000001,3.42031948422579,1.6376076528964,36.51973
14446.900000000001,3.4199412232893036,1.6376076528964,36.530257581409664
14448.900000000001,3.419487147731705,1.6376076528964,36.53661819777602
14450.900000000001,3.4191089865735647,1.6376076528964,36.54605
14452.900000000001,3.41839067007134,1.6376076528964,36.55262
14454.900000000001,3.418163580978146,1.6376076528964,36.5592
14456.900000000001,3.4179367136235657,1.6376076528964,36.56578
14458.900000000001,3.417218177286019,1.6376076528964,36.57236
14460.900000000001,3.416726949877273,1.6376076528964,36.58223
14462.900000000001,3.4163487903033514,1.6376076528964,36.58552
14464.900000000001,3.41593262047175,1.6376076528964,36.5888
14466.900000000001,3.41536537825646,1.6376076528964,36.59538
14468.900000000001,3.4149872167796,1.6376076528964,36.60196
14470.900000000001,3.41460905530274,1.6376076528964,36.60855
14472.900000000001,3.414343953427844,1.6376076528964,36.61512
14474.900000000001,3.41385273234903,1.6376076528964,36.61841
14476.900000000001,3.5749941621585286,-1.94807532540814,36.6217
14478.900000000001,3.5876735429751996,-1.94807532540814,36.62828
14480.900000000001,3.5961265641953,-1.94807532540814,36.63486
14482.900000000001,3.603111530954481,-1.94807532540814,36.63486
14484.900000000001,3.609295513400292,-1.94807532540814,36.63486
14486.900000000001,3.6149012351197656,-1.94807532540814,36.63486
14488.900000000001,3.6200060900638804,-1.95026171746808,36.63486
14490.900000000001,3.6244219719154307,-1.94807532540814,36.63815
14492.900000000001,3.628893206594072,-1.94807532540814,36.64143
14494.900000000001,3.63337546966596,-1.94807532540814,36.64473
14496.900000000001,3.6374685428672495,-1.94807532540814,36.64802
14498.900000000001,3.6414391148604244,-1.9494889837827152,36.64473
14500.900000000001,3.64547663692546,-1.95026171746808,36.64143
14502.900000000001,3.6487466852470236,-1.95026171746808,36.64143
14504.900000000001,3.6524059217619413,-1.95026171746808,36.64143
14506.900000000001,3.6558760775391,-1.95026171746808,36.64802
14508.900000000001,3.6589565597316565,-1.95026171746808,36.65343161501768
14510.900000000001,3.6619823358179615,-1.95026171746808,36.65788
14512.900000000001,3.66495195298373,-1.949490456185283,36.663302962772356
14514.900000000001,3.667910546508071,-1.95026171746808,36.665877476804496
14516.900000000001,3.670557675728431,-1.95026171746808,36.67105
14518.900000000001,3.673204801312082,-1.95026171746808,36.67105
14520.900000000001,3.675607176262527,-1.94807532540814,36.66775
14522.900000000001,3.6781209006037554,-1.94807532540814,36.67105
14524.900000000001,3.68026749279653,-1.94807532540814,36.67105
14526.900000000001,3.6830366771186003,-1.94807532540814,36.67433
14528.900000000001,3.68518359199571,-1.94807532540814,36.67433
14530.900000000001,3.68745256085686,-1.95026171746808,36.67762
14532.900000000001,3.689465745468411,-1.95026171746808,36.67105
14534.900000000001,3.69161233710232,-1.95026171746808,36.67105
14536.900000000001,3.69369222522505,-1.95026171746808,36.67105
14538.900000000001,3.695705411421033,-1.95026171746808,36.67433
14540.900000000001,3.697407139651856,-1.95026171746808,36.67433
14542.900000000001,3.6996761069281017,-1.95026171746808,36.67433
14544.900000000001,3.70144453550067,-1.95026171746808,36.67762
14546.900000000001,3.70333534288496,-1.95026171746808,36.67762
14548.900000000001,3.7050260380574445,-1.94807532540814,36.6842
14550.900000000001,3.70699457884188,-1.94807532540814,36.6875
14552.900000000001,3.7087519823726214,-1.94807532540814,36.69078
14554.900000000001,3.71014224946843,-1.94807532540814,36.69407
14556.900000000001,3.7119660504059593,-1.95026171746808,36.69407
14558.900000000001,3.71354570276017,-1.94807532540814,36.69736
14560.900000000001,3.71505834866761,-1.94807532540814,36.70065
14562.900000000001,3.7168157542492386,-1.95026171746808,36.69736
14564.900000000001,3.718206021437733,-1.95026171746808,36.69736
14566.900000000001,3.71939525648336,-1.94807532540814,36.70065
14568.900000000001,3.7207307708205,-1.95026171746808,36.70065
14570.900000000001,3.72205433598951,-1.95026171746808,36.69736
14572.900000000001,3.72375606263538,-1.95026171746808,36.69407
14574.900000000001,3.7249462282376635,-1.95026171746808,36.69194057452002
14576.900000000001,3.7259580241286403,-1.95026171746808,36.69619407351702
14578.900000000001,3.727281896789908,-1.94807532540814,36.70065
14580.900000000001,3.72829400035769,-1.94807532540814,36.70065
14582.900000000001,3.729739930825876,-1.95026171746808,36.70065
14584.900000000001,3.73094113069571,-1.95026171746808,36.702416575721465
14586.900000000001,3.7317641514740334,-1.9494904723620936,36.70723
14588.900000000001,3.7328876179489385,-1.95026171746808,36.71052
14590.900000000001,3.7338997204910744,-1.95026171746808,36.7138
14592.900000000001,3.7347227454643,-1.95026171746808,36.7171
14594.900000000001,3.73585722989488,-1.95026171746808,36.7138
14596.900000000001,3.7368693524816603,-1.9494902287237525,36.7138
14598.900000000001,3.737814739299197,-1.95026171746808,36.72038
14600.900000000001,3.73869344097133,-1.9494903936694632,36.72696
14602.900000000001,3.73944976392504,-1.95026171746808,36.73355
14604.900000000001,3.7405175468950214,-1.9494904303182055,36.73355
14606.900000000001,3.7412738707817312,-1.94807532540814,36.73683
14608.900000000001,3.74228597500149,-1.94807532540814,36.74341
14610.900000000001,3.7429199202622097,-1.94807532540814,36.75328
14612.900000000001,3.7436095401705,-1.94807532540814,36.75986
14614.900000000001,3.7444325640258826,-1.95026171746808,36.76315
14616.900000000001,3.6579247970447573,0.000360411205568532,36.76315
14618.900000000001,3.652977534522743,0.0,36.76643
14620.900000000001,3.6499522427084607,0.0021863920599418,36.76643
14622.900000000001,3.64755652504819,0.0,36.76643
14624.900000000001,3.6454455207459437,0.0,36.77302
14626.900000000001,3.64415307175645,0.0018260450971609586,36.77302
14628.900000000001,3.6421999329548242,0.0021863920599418,36.77302
14630.900000000001,3.6409075292633406,0.0,36.76643
14632.900000000001,3.63961513403414,0.0,36.75986
14634.900000000001,3.63829156886513,0.0003598080963735296,36.75657
14636.900000000001,3.63753524591141,0.0,36.75657
14638.900000000001,3.6364319269280885,0.0,36.7467
14640.900000000001,3.6353286148052946,0.0,36.74341
14642.900000000001,3.63466811010864,0.0,36.73683
14644.900000000001,3.63394271188125,0.0,36.73025
14646.900000000001,3.633028473897676,0.0,36.72696
14648.900000000001,3.63243006597381,0.0,36.72696
14650.900000000001,3.631546999514006,0.0,36.72368
14652.900000000001,3.6309483208937894,0.0018290773790432388,36.72038
14654.900000000001,3.6305081345977337,0.0,36.71984008941009
14656.900000000001,3.6298141024064727,0.0,36.7138
14658.900000000001,3.6293736095131752,0.0,36.71052
14660.900000000001,3.62883753194364,0.0,36.7037486805161
14662.900000000001,3.6282393684658665,0.0,36.69727005591309
14664.900000000001,3.6278921282515,0.0,36.69078
14666.900000000001,3.6271669739141745,0.0,36.68091
14668.900000000001,3.627104641975622,0.0,36.67762
14670.900000000001,3.626630896065472,0.0,36.67762
14672.900000000001,3.6260322564726675,0.0,36.67433
14674.900000000001,3.6256542810376295,0.0,36.67105
14676.900000000001,3.6255919947445854,0.0,36.66775
14678.900000000001,3.625213831944389,0.0,36.66118
14680.900000000001,3.62467775569819,0.0,36.65788
14682.900000000001,3.624457738027175,0.0,36.64802
14684.900000000001,3.6241105134829,0.0,36.64473
14686.900000000001,3.6237635163905915,0.0,36.63815
14688.900000000001,3.62354327126761,0.0,36.63486
14690.900000000001,3.62335419052918,0.0,36.63157
14692.900000000001,3.623134006050161,0.0,36.62828
14694.900000000001,3.62297602905232,0.0,36.61512
14696.900000000001,3.6225667015890064,0.0,36.60855
14698.900000000001,3.6222197060986,0.0,36.60196
14700.900000000001,3.6218722065733684,0.0,36.60196
14702.900000000001,3.621810469612787,0.0,36.59868
14704.900000000001,3.6215257188097647,0.0,36.59868
14706.900000000001,3.621432215051473,0.0,36.59538
14708.900000000001,3.6211163868529925,0.0,36.5888
14710.900000000001,3.62108522166802,0.0,36.58223
14712.900000000001,3.62070706019117,0.0,36.57839091621374
14714.900000000001,3.6206758934216072,0.0,36.57236
14716.900000000001,3.620360063638322,0.0,36.56852773112137
14718.900000000001,3.6204868140067843,0.0,36.55591
14720.900000000001,3.62013981797588,0.0021863920599418,36.55262
14722.900000000001,3.62013981797588,0.0,36.55262
14724.900000000001,3.61976165649902,0.0,36.54605
14726.900000000001,3.61957257576059,0.0,36.54256870047688
14728.900000000001,3.61976165649902,0.0,36.53618
14730.900000000001,3.619541889021756,0.0,36.53288
14732.900000000001,3.6192254841209266,0.0,36.5296
14734.900000000001,3.619163248837352,0.0,36.5263
14736.900000000001,3.6191320860385283,0.0,36.52302
14738.900000000001,3.61881625280687,0.0,36.51643
14740.900000000001,3.6186578849171225,0.0,36.51315
14742.900000000001,3.61881625280687,0.0,36.51315
14744.900000000001,3.61862717206844,0.0,36.50657
14746.900000000001,3.618406924560648,0.00036038983998837396,36.50328
14748.900000000001,3.6184069285312095,0.0,36.5
14750.900000000001,3.618218330510849,0.0,36.49012
14752.900000000001,3.6182179316217273,0.0,36.48683
14754.900000000001,3.61787084911472,0.0,36.48025
14756.900000000001,3.618028765992056,0.0,36.47368
14758.900000000001,3.6178396834075564,0.0,36.4671
14760.900000000001,3.61768176837629,0.001831774488603965,36.4638
14762.900000000001,3.61768176837629,0.0,36.46052
14764.900000000001,3.617334773668774,0.0,36.46052
14766.900000000001,3.61749268763786,0.0,36.46052
14768.900000000001,3.6173659430851433,0.0,36.45723
14770.900000000001,3.61714552865154,0.0,36.45723
14772.900000000001,3.617272576687481,0.001827581270507059,36.45438973899979
14774.900000000001,3.617114526161,0.0021863920599418,36.45393
14776.900000000001,3.616956612191474,0.0021863920599418,36.449648357238786
14778.900000000001,3.61692544542257,0.0021863920599418,36.44407
14780.900000000001,3.61692544542257,0.0021863920599418,36.4375
14782.900000000001,3.61705228547361,0.0021863920599418,36.433658506817736
14784.900000000001,3.6167052018855586,0.0021863920599418,36.42762
14786.900000000001,3.61673636468414,0.0003603745281698921,36.4237893703142
14788.900000000001,3.665430709711928,-1.07351850143142,36.41775
14790.900000000001,3.668934323316793,-1.07351850143142,36.41446
14792.900000000001,3.671280323146054,-1.07351850143142,36.41446
14794.900000000001,3.6733720911165606,-1.07351850143142,36.41118
14796.900000000001,3.6750738249436194,-1.07351850143142,36.41118
14798.900000000001,3.676687070013345,-1.07351850143142,36.4046
14800.900000000001,3.6780989029531037,-1.07351850143142,36.4013
14802.900000000001,3.67932208910439,-1.07351850143142,36.4013
14804.900000000001,3.68083473501182,-1.07351850143142,36.4013
14806.900000000001,3.6820698114223807,-1.07351850143142,36.39802
14808.900000000001,3.6831921910464303,-1.07351850143142,36.39473
14810.900000000001,3.684149500092971,-1.07351850143142,36.39143
14812.900000000001,3.6851952257017535,-1.07351850143142,36.39143
14814.900000000001,3.68631807642629,-1.07351850143142,36.39473
14816.900000000001,3.687162893868738,-1.07351850143142,36.39473
14818.900000000001,3.6883094782184838,-1.07351850143142,36.39143
14820.900000000001,3.68915428750273,-1.07351850143142,36.39143
14822.900000000001,3.6900109804617225,-1.07351850143142,36.39143
14824.900000000001,3.690755424494837,-1.07351850143142,36.39143
14826.900000000001,3.691334768448139,-1.07351850143142,36.39143
14828.900000000001,3.6922680641651735,-1.07351850143142,36.38815
14830.900000000001,3.6928472018443967,-1.07351850143142,36.38815
14832.900000000001,3.69350314448662,-1.07351850143142,36.38815
14834.900000000001,3.6941709796262066,-1.07351850143142,36.39014770856863
14836.900000000001,3.69482670965562,-1.07351850143142,36.39473
14838.900000000001,3.69520487113248,-1.07351850143142,36.39143
14840.900000000001,3.6959611940862,-1.07351850143142,36.38968882159857
14842.900000000001,3.69671751703992,-1.07351850143142,36.38815
14844.900000000001,3.69709567851678,-1.07351850143142,36.38486
14846.900000000001,3.697385350492943,-1.07351850143142,36.38157
14848.900000000001,3.6979525941917917,-1.07351850143142,36.38157
14850.900000000001,3.6985196295078517,-1.07351850143142,36.38157
14852.900000000001,3.699075226841704,-1.07351850143142,36.38157
14854.900000000001,3.6996543210403363,-1.07351850143142,36.38157
14856.900000000001,3.70012097033166,-1.07351850143142,36.38157
14858.900000000001,3.70049913180852,-1.07351850143142,36.38486
14860.900000000001,3.70087729328538,-1.07351850143142,36.38486
14862.900000000001,3.7015448570403864,-1.07351850143142,36.38815
14864.900000000001,3.7017221093466013,-1.07351850143142,36.38486
14866.900000000001,3.702301452119792,-1.07351850143142,36.38486
14868.900000000001,3.7023778330060733,-1.07351850143142,36.38157
14870.900000000001,3.7028567985669296,-1.07351850143142,36.38157
14872.900000000001,3.7034240587519944,-1.07351850143142,36.37828
14874.900000000001,3.703625011590335,-1.07351850143142,36.37828
14876.900000000001,3.704003178023959,-1.07351850143142,36.38157
14878.900000000001,3.7044819385602996,-1.07351850143142,36.38157
14880.900000000001,3.704859624344965,-1.07351850143142,36.38157
14882.900000000001,3.7051374144584366,-1.07351850143142,36.38486
14884.900000000001,3.7053267415066555,-1.07351850143142,36.38815
14886.900000000001,3.70579339248455,-1.07351850143142,36.38815
14888.900000000001,3.70617155396141,-1.07351850143142,36.38486
14890.900000000001,3.7064493371667413,-1.07351850143142,36.38486
14892.900000000001,3.706827516981806,-1.07351850143142,36.38208145176589
14894.900000000001,3.707016367157941,-1.07351850143142,36.38357299335009
14896.900000000001,3.7073945269482795,-1.07351850143142,36.38157
14898.900000000001,3.7077726862006384,-1.07351850143142,36.38486
14900.900000000001,3.70806236134571,-1.07351850143142,36.38486
14902.900000000001,3.70844052282257,-1.07351850143142,36.38486
14904.900000000001,3.708919275536554,-1.07351850143142,36.38486
14906.900000000001,3.7090198733160014,-1.07351850143142,36.38486
14908.900000000001,3.7094865201795555,-1.07351850143142,36.38815
14910.900000000001,3.709852781516541,-1.07351850143142,36.38815
14912.900000000001,3.70995316873,-1.07351850143142,36.39473
14914.900000000001,3.71033133020686,-1.07351850143142,36.39473
14916.900000000001,3.710621004610351,-1.07351850143142,36.39802
14918.900000000001,3.710621002283778,-1.07351850143142,36.4013
14920.900000000001,3.71127673389901,-1.07351850143142,36.39802
14922.900000000001,3.71146581463744,-1.07351850143142,36.39802
14924.900000000001,3.7118439761143,-1.07351850143142,36.39802
14926.900000000001,3.66361495013964,0.0020310085642785605,36.39802
14928.900000000001,3.66003585378455,0.002037871852916612,36.39802
14930.900000000001,3.65795596566183,0.0,36.4013
14932.900000000001,3.656618961008088,0.0021863920599418,36.39802
14934.900000000001,3.65530883532381,0.0021863920599418,36.39802
14936.900000000001,3.6541877885681924,0.0021863920599418,36.39802
14938.900000000001,3.65322894720108,0.0,36.39802
14940.900000000001,3.65228354350893,0.0,36.39143
14942.900000000001,3.65133813981678,0.0,36.38815
14944.900000000001,3.65077089760149,0.0,36.38486
14946.900000000001,3.650176779135549,0.0,36.38486
14948.900000000001,3.64944733243249,0.0021863920599418,36.38157
14950.900000000001,3.649244813793964,0.0020310059623668067,36.37828
14952.900000000001,3.64812376726348,0.0021863920599418,36.37828
14954.900000000001,3.64755652504819,0.00015537037231978457,36.37828
14956.900000000001,3.6471649245373423,0.0021863920599418,36.37828
14958.900000000001,3.64642204061761,0.0021863920599418,36.375
14960.900000000001,3.64604387914075,0.0,36.3717
14962.900000000001,3.6458281934469157,0.0,36.3717
14964.900000000001,3.6450984754486,0.0021863920599418,36.36841
14966.900000000001,3.64490939471017,0.002030973226686775,36.36841
14968.900000000001,3.6445183729084554,0.0,36.36512
14970.900000000001,3.6441799389995757,0.0020310554362059216,36.35855
14972.900000000001,3.6435991777111116,0.0,36.35525
14974.900000000001,3.6432076680643,0.0,36.35180659863451
14976.900000000001,3.643383309431086,0.0021863920599418,36.34538
14978.900000000001,3.64264042584902,0.0,36.3421
14980.900000000001,3.6422756955178444,0.0,36.3388
14982.900000000001,3.642275566961104,0.0,36.33552
14984.900000000001,3.64169502215687,0.0001529136447797388,36.33552
14986.900000000001,3.6415193807897697,0.0,36.32893
14988.900000000001,3.641140620893817,0.0,36.32565
14990.900000000001,3.64112777994158,0.0,36.32236
14992.900000000001,3.64093869920315,0.0021863920599418,36.32236
14994.900000000001,3.64074961846472,0.0,36.31907
14996.900000000001,3.64037145698786,0.0,36.31907
14998.900000000001,3.639993295511,0.00014855197147022368,36.3125
15000.900000000001,3.63980421477257,0.00015540571466243514,36.30591
15002.900000000001,3.6394393381900785,0.0,36.30262
15004.900000000001,3.6396018080826607,0.0,36.29933
15006.900000000001,3.6394126125651676,0.0,36.29933
15008.900000000001,3.639061329605061,0.002031007279244752,36.29275
15010.900000000001,3.63904789181885,0.0,36.28946
15012.900000000001,3.63885881108042,0.0021863920599418,36.28618
15014.900000000001,3.638643007480704,0.0021863920599418,36.28288
15016.900000000001,3.63848064960356,0.0021863920599418,36.2763
15018.900000000001,3.63829156886513,0.0,36.27302
15020.900000000001,3.6381024881267,0.0,36.27302
15022.900000000001,3.63791340738827,0.00015324035430234047,36.26973
15024.900000000001,3.637900047431266,0.0020319072395585626,36.26643
15026.900000000001,3.63753524591141,0.0021863920599418,36.26315
15028.900000000001,3.637359603071574,0.0,36.26315
15030.900000000001,3.637359601487221,0.0,36.26315
15032.900000000001,3.63715708443455,0.0,36.25986
15034.900000000001,3.637143644950927,0.0,36.256803846670415
15036.900000000001,3.63714364370455,0.0,36.25986
15038.900000000001,3.6369545691920986,0.0021863920599418,36.25986
15040.900000000001,3.63677892295769,0.0,36.25986
15042.900000000001,3.63677892295769,0.0,36.25328
15044.900000000001,3.63658984221926,0.0,36.25
15046.900000000001,3.6363873249418055,0.0,36.25
15048.900000000001,3.6365764088498445,0.0021863920599418,36.2467
15050.900000000001,3.6363873249416008,0.0021863920599418,36.24662183131251
15052.900000000001,3.6365629603092575,0.002030970637660732,36.24012
15054.900000000001,3.6361848020010616,0.0021863920599418,36.23683
15056.900000000001,3.5769590926063746,1.27248017888612,36.23683
15058.900000000001,3.57343687558373,1.2711068606265734,36.23355
15060.900000000001,3.5710491415904415,1.2716671003854523,36.22696
15062.900000000001,3.569017704801349,1.27029378682618,36.22038
15064.900000000001,3.56719721121555,1.2716671281049883,36.22038
15066.900000000001,3.56549548456968,1.27029378682618,36.2138
15068.900000000001,3.5641016037949185,1.27248017888612,36.2138
15070.900000000001,3.5627780396208686,1.2711068538154897,36.2138
15072.900000000001,3.561454474268967,1.27029378682618,36.21052
15074.900000000001,3.56039030463208,1.27029378682618,36.20723
15076.900000000001,3.55906673946307,1.27029378682618,36.20393
15078.900000000001,3.55793225503249,1.27029378682618,36.20723
15080.900000000001,3.55698685134034,1.27029378682618,36.20723
15082.900000000001,3.5557820570134426,1.2711067993007465,36.20723
15084.900000000001,3.55452880174076,1.2711068307897964,36.20723
15086.900000000001,3.55358339804861,1.27029378682618,36.20723
15088.900000000001,3.5527567600787506,1.27029378682618,36.20723
15090.900000000001,3.55169259066431,1.27248017888612,36.20723
15092.900000000001,3.55093626771059,1.2716671097856855,36.20065
15094.900000000001,3.54999086401844,1.27248017888612,36.20065
15096.900000000001,3.54923454106472,1.27248017888612,36.20065
15098.900000000001,3.5479812916845628,1.27248017888612,36.20065
15100.900000000001,3.547273421244002,1.27248017888612,36.20065
15102.900000000001,3.5462795640431026,1.271106855925342,36.20065
15104.900000000001,3.545760774157987,1.27248017888612,36.20065
15106.900000000001,3.54469660334241,1.27029378682618,36.20065
15108.900000000001,3.5436323201222226,1.27248017888612,36.19736
15110.900000000001,3.5429245619031082,1.27248017888612,36.20065
15112.900000000001,3.541930706875912,1.27248017888612,36.19613652758995
15114.900000000001,3.54091498857381,1.271105445156307,36.19407
15116.900000000001,3.54015866562009,1.2711068491098922,36.19488440398269
15118.900000000001,3.539521106620949,1.2716670867690136,36.19776535749461
15120.900000000001,3.538386626944124,1.27248017888612,36.19736
15122.900000000001,3.53713337380522,1.27248017888612,36.19407
15124.900000000001,3.53675521232836,1.27248017888612,36.19736
15126.900000000001,3.53580980863621,1.27029378682618,36.19736
15128.900000000001,3.53486440494406,1.27248017888612,36.19407
15130.900000000001,3.5341783946094973,1.27029378682618,36.19736
15132.900000000001,3.53316267829819,1.27248017888612,36.20065
15134.900000000001,3.532265729293842,1.27248017888612,36.20065
15136.900000000001,3.5313421841221597,1.27029378682618,36.20065
15138.900000000001,3.53051554796018,1.2716670867672362,36.20065
15140.900000000001,3.52957014426803,1.27029378682618,36.20065
15142.900000000001,3.528743508289544,1.27029378682618,36.20065
15144.900000000001,3.5277496514936,1.27029378682618,36.19736
15146.900000000001,3.526993323968724,1.2711068009473134,36.19736
15148.900000000001,3.5262370093447206,1.2716670684462001,36.19407
15150.900000000001,3.52541036802257,1.2716671328117433,36.19407
15152.900000000001,3.52446496433043,1.27029378682618,36.19407
15154.900000000001,3.5237570968775422,1.27110683078154,36.20065
15156.900000000001,3.52314139916142,1.27029378682618,36.20065
15158.900000000001,3.5219366082678496,1.27029378682618,36.20065
15160.900000000001,3.521369356910789,1.27029378682618,36.20065
15162.900000000001,3.5204942688234,1.271106853804036,36.20393
15164.900000000001,3.519430097011578,1.27029378682618,36.20393
15166.900000000001,3.5189113120652484,1.2716671553756367,36.20723
15168.900000000001,3.518106530847256,1.27029378682618,36.20723
15170.900000000001,3.5172095812547313,1.27248017888612,36.20723
15172.900000000001,3.51659388792603,1.27110685380229,36.204275468139016
15174.900000000001,3.51576725036266,1.2711068307797941,36.2028998595528
15176.900000000001,3.51512969689077,1.2711068150300664,36.20065
15178.900000000001,3.5141358357462353,1.27248017888612,36.20065
15180.900000000001,3.5134279710570624,1.2716671600734881,36.20393
15182.900000000001,3.5128122719786625,1.27248017888612,36.20723
15184.900000000001,3.51217471633249,1.27248017888612,36.209296555175264
15186.900000000001,3.5116074741172,1.27248017888612,36.21052
15188.900000000001,3.5107808385449832,1.27248017888612,36.2138
15190.900000000001,3.51009482820977,1.27248017888612,36.215872808846825
15192.900000000001,3.509316649906474,1.27248017888612,36.2171
15194.900000000001,3.5086306378041248,1.27248017888612,36.21997094786284
15196.900000000001,3.50801494008704,1.27248017888612,36.22038
15198.900000000001,3.50744769787175,1.27029378682618,36.22368
15200.900000000001,3.506761689932959,1.27248017888612,36.22368
15202.900000000001,3.5065022941796,1.27248017888612,36.22368
15204.900000000001,3.505297496135489,1.27248017888612,36.22368
15206.900000000001,3.50498964827216,1.27029378682618,36.22696
15208.900000000001,3.50423332531844,1.2711068171469995,36.23025
15210.900000000001,3.5037848498221993,1.27029378682618,36.23025
15212.900000000001,3.503217607423364,1.27248017888612,36.23025
15214.900000000001,3.50253159867258,1.27248017888612,36.23355
15216.900000000001,3.50196435645729,1.27029378682618,36.23355
15218.900000000001,3.5014455645840945,1.2711068606074836,36.24012
15220.900000000001,3.50064079128828,1.2716671553837458,36.24341
15222.900000000001,3.500381397119518,1.27248017888612,36.25
15224.900000000001,3.499954781947802,1.2716671234317425,36.25
15226.900000000001,3.4991766040529835,1.27248017888612,36.25
15228.900000000001,3.498631216189517,1.2711068354666093,36.25
15230.900000000001,3.497734262616897,1.27029378682618,36.25328
15232.900000000001,3.49723733799654,1.2711068354686812,36.25328
15234.900000000001,3.49685917651968,1.2716671255518703,36.25657
15236.900000000001,3.49629193430439,1.27248017888612,36.25986
15238.900000000001,3.4957246920891,1.27248017888612,36.26315
15240.900000000001,3.4950386827485063,1.27248017888612,36.26643
15242.900000000001,3.4944495827891267,1.27248017888612,36.26643
15244.900000000001,3.49383388470481,1.27248017888612,36.26643
15246.900000000001,3.49345572322795,1.27248017888612,36.26643
15248.900000000001,3.492769714476537,1.27248017888612,36.26643
15250.900000000001,3.4924400065121377,1.27248017888612,36.26643
15252.900000000001,3.4920618456243893,1.27248017888612,36.27302
15254.900000000001,3.4913055220817344,1.2716671302512546,36.27787263623568
15256.900000000001,3.4907382855752243,1.27029378682618,36.2796
15258.900000000001,3.490360118978739,1.27248017888612,36.28288
15260.900000000001,3.48967410845935,1.27248017888612,36.28410710108248
15262.900000000001,3.48891778550563,1.27248017888612,36.28618
15264.900000000001,3.4886583921496683,1.27248017888612,36.28618
15266.900000000001,3.48797238181348,1.271667130248236,36.28946
15268.900000000001,3.48759422033663,1.27248017888612,36.28946
15270.900000000001,3.4869082123973985,1.27248017888612,36.29275
15272.900000000001,3.5415612644196868,-0.021204534144421257,36.29275
15274.900000000001,3.5465654021522117,0.0,36.29275
15276.900000000001,3.5494456272085757,0.0021863920599418,36.29275
15278.900000000001,3.55188167140274,0.0,36.29605
15280.900000000001,3.553939555520417,0.00025443830151476027,36.29275
15282.900000000001,3.555452195457741,0.0,36.29275
15284.900000000001,3.55679777060191,0.0021863920599418,36.29275
15286.900000000001,3.558288406534288,0.0,36.29275
15288.900000000001,3.5592558202015,0.0021863920599418,36.28946
15290.900000000001,3.560056157504277,0.0,36.28288
15292.900000000001,3.56133570832423,0.0,36.28288
15294.900000000001,3.56228111201637,0.0,36.28288
15296.900000000001,3.56341559644695,0.0021863920599418,36.2796
15298.900000000001,3.5643389889477946,0.0021863920599418,36.2796
15300.900000000001,3.565284394593912,0.0,36.2763
15302.900000000001,3.56587364604654,0.0021863920599418,36.2763
15304.900000000001,3.5669641153899128,0.0,36.2763
15306.900000000001,3.56738629195398,0.0,36.2763
15308.900000000001,3.5681426149077,0.0,36.27302
15310.900000000001,3.568876925085809,0.0021863920599418,36.26973
15312.900000000001,3.5696332557778994,0.0,36.26643
15314.900000000001,3.57003342229199,0.0,36.26315
15316.900000000001,3.570433600940904,0.0,36.26315
15318.900000000001,3.57116790672257,0.0002550576834306475,36.26315
15320.900000000001,3.57173514893786,0.0019318523395295802,36.25986
15322.900000000001,3.5723243975901133,0.0,36.25986
15324.900000000001,3.57286963336844,0.0021863920599418,36.25366289991394
15326.900000000001,3.57343687558373,0.0,36.25328
15328.900000000001,3.57362595632216,0.0,36.24708415505638
15330.900000000001,3.57438227927588,0.0,36.24379294543837
15332.900000000001,3.574905501540478,0.0,36.24302702699339
15334.900000000001,3.5751386022296,0.0,36.24012
15336.900000000001,3.57551676370646,0.0,36.24012
15338.900000000001,3.5760619950238253,0.000254518005663481,36.23683
15340.900000000001,3.5764841799901803,0.0,36.23683
15342.900000000001,3.57665124813703,0.0021863920599418,36.23683
15344.900000000001,3.57702940961389,0.0021863920599418,36.23683
15346.900000000001,3.577429578081136,0.0021863920599418,36.23025
15348.900000000001,3.57797481330604,0.0021863920599418,36.22696
15350.900000000001,3.578141884068638,0.0019318847166835294,36.22038
15352.900000000001,3.57854205552133,0.0021863920599418,36.2171
15354.900000000001,3.57873113625976,0.0021863920599418,36.2138
15356.900000000001,3.57892021699819,0.0021863920599418,36.2138
15358.900000000001,3.579465448390982,0.0002545171334822293,36.20723
15360.900000000001,3.57967653995191,0.0,36.20723
15362.900000000001,3.5798876280500482,0.0002544770923040094,36.20065
15364.900000000001,3.5802657919587797,0.0021863920599418,36.20065
15366.900000000001,3.5807890102713866,0.0002545551605250573,36.20065
15368.900000000001,3.580833070386713,0.0021863920599418,36.19736
15370.900000000001,3.58118918585935,0.0,36.19407
15372.900000000001,3.5814002706037265,0.0002544383118443039,36.19407
15374.900000000001,3.5814002763894695,0.0021863920599418,36.19078
15376.900000000001,3.5819234999020675,0.0,36.1842
15378.900000000001,3.5821345895515,0.0002548430321400053,36.18091
15380.900000000001,3.5821345895515,0.0,36.18091
15382.900000000001,3.58232367028993,0.0,36.17762
15384.900000000001,3.5826798247753673,0.0,36.17433
15386.900000000001,3.5829129256506485,0.0,36.17433
15388.900000000001,3.58307999324365,0.00025529611132612835,36.16775
15390.900000000001,3.58326907398208,0.0021863920599418,36.16446
15392.900000000001,3.58364723545894,0.0,36.16118
15394.900000000001,3.583669243850673,0.0021863920599418,36.15788
15396.900000000001,3.6374166408281257,-1.16097418382909,36.15788
15398.900000000001,3.641068478393632,-1.15878779176915,36.151472496953645
15400.900000000001,3.6437156071474246,-1.15878779176915,36.1513
15402.900000000001,3.646173626413354,-1.15878779176915,36.14802
15404.900000000001,3.6482533571556814,-1.15878779176915,36.1513
15406.900000000001,3.65039273612464,-1.15878779176915,36.14802
15408.900000000001,3.6523540151870355,-1.15878779176915,36.14473
15410.900000000001,3.654115044965569,-1.15878779176915,36.14473
15412.900000000001,3.6556165181642397,-1.15878779176915,36.14143
15414.900000000001,3.6574482927455927,-1.15878779176915,36.13815
15416.900000000001,3.6590311469597534,-1.15878779176915,36.13486
15418.900000000001,3.6605437951364324,-1.15878779176915,36.13486
15420.900000000001,3.6620564404531075,-1.15878779176915,36.13486
15422.900000000001,3.66381746855315,-1.15878779176915,36.13486
15424.900000000001,3.6648223957966954,-1.15878779176915,36.13486
15426.900000000001,3.6663348222795373,-1.15878779176915,36.13486
15428.900000000001,3.66778816406017,-1.16097418382909,36.13486
15430.900000000001,3.669052425693109,-1.16097418382909,36.13815
15432.900000000001,3.670186912608464,-1.15878779176915,36.13815
15434.900000000001,3.6711323159910907,-1.15878779176915,36.14143
15436.900000000001,3.67232610178249,-1.16097418382909,36.14143
15438.900000000001,3.6735903600584523,-1.16097418382909,36.14473
15440.900000000001,3.6746543710103934,-1.16097418382909,36.14473
15442.900000000001,3.675859330504319,-1.16097418382909,36.14473
15444.900000000001,3.67648587802794,-1.15878779176915,36.14473
15446.900000000001,3.67762036245852,-1.15878779176915,36.14473
15448.900000000001,3.67856576615067,-1.15878779176915,36.14802
15450.900000000001,3.679640948535871,-1.15878779176915,36.14802
15452.900000000001,3.68026749279653,-1.15878779176915,36.14802
15454.900000000001,3.68121289648868,-1.15878779176915,36.14802
15456.900000000001,3.68221760322036,-1.15878779176915,36.14802
15458.900000000001,3.68310370387298,-1.15878779176915,36.14802
15460.900000000001,3.683611638698315,-1.15878779176915,36.14473
15462.900000000001,3.6846756579777153,-1.15878779176915,36.14473
15464.900000000001,3.6855024482578838,-1.15878779176915,36.14473
15466.900000000001,3.6861883009028764,-1.15878779176915,36.14802
15468.900000000001,3.687015095252775,-1.15878779176915,36.14473
15470.900000000001,3.6877714187034845,-1.15878779176915,36.14802
15472.900000000001,3.6883386599248302,-1.15878779176915,36.14802
15474.900000000001,3.689094839375209,-1.15878779176915,36.14473
15476.900000000001,3.6896622249999456,-1.15878779176915,36.14802
15478.900000000001,3.69028877193331,-1.15878779176915,36.14802
15480.900000000001,3.6908560141486,-1.15878779176915,36.14802
15482.900000000001,3.69167164172661,-1.15878779176915,36.14473
15484.900000000001,3.6922983213779146,-1.15878779176915,36.14473
15486.900000000001,3.6930656783851266,-1.15878779176915,36.14473
15488.900000000001,3.693384536418846,-1.15878779176915,36.14576188866888
15490.900000000001,3.69407038670191,-1.15878779176915,36.14473
15492.900000000001,3.69482670965562,-1.16097418382909,36.14143
15494.900000000001,3.6952641751664554,-1.16097418382909,36.14143
15496.900000000001,3.69558303260934,-1.16097418382909,36.14143
15498.900000000001,3.6962688809041304,-1.16097418382909,36.143317493534944
15500.900000000001,3.6968472936507375,-1.16097418382909,36.14802
15502.900000000001,3.69728475925521,-1.16097418382909,36.14802
15504.900000000001,3.6978520014705,-1.16097418382909,36.14802
15506.900000000001,3.6981708593169174,-1.15878779176915,36.1513
15508.900000000001,3.698667625879493,-1.15878779176915,36.1546
15510.900000000001,3.69917556663951,-1.15878779176915,36.15788
15512.900000000001,3.6996130333317034,-1.15878779176915,36.15788
15514.900000000001,3.69993188959323,-1.15878779176915,36.16118
15516.900000000001,3.70031005107009,-1.15878779176915,36.16118
15518.900000000001,3.700936597413027,-1.15878779176915,36.16118
15520.900000000001,3.701314761065488,-1.15878779176915,36.16446
15522.900000000001,3.701882003684148,-1.15878779176915,36.16775
15524.900000000001,3.702071227427037,-1.15878779176915,36.16446
15526.900000000001,3.70276810066967,-1.15878779176915,36.16446
15528.900000000001,3.703205569940785,-1.15878779176915,36.16446
15530.900000000001,3.70352442362339,-1.15878779176915,36.16775
15532.900000000001,3.703843281562871,-1.15878779176915,36.17105
15534.900000000001,3.7045996020312297,-1.16097418382909,36.17433
15536.900000000001,3.6503571817191083,0.0017752667882934398,36.17433
15538.900000000001,3.64812376726348,0.0021863920599418,36.18091
15540.900000000001,3.6462685474458203,0.0,36.18091
15542.900000000001,3.644684709084054,0.0,36.18091
15544.900000000001,3.64358582954116,0.0,36.18091
15546.900000000001,3.642793913277554,0.0,36.17762
15548.900000000001,3.641541532658849,0.0,36.17762
15550.900000000001,3.6410922032649817,0.0,36.17433
15552.900000000001,3.6401467685112605,0.0,36.17433
15554.900000000001,3.6395795237028157,0.0,36.17105
15556.900000000001,3.638516205594106,0.0017752484603451818,36.17105
15558.900000000001,3.6381024881267,0.00041153159672345166,36.16775
15560.900000000001,3.6374996936875004,0.0004111000449609129,36.16775
15562.900000000001,3.63696800369612,0.00041170532482521225,36.16446
15564.900000000001,3.636436370916693,0.0004117616023539441,36.16446
15566.900000000001,3.63602260000397,0.0,36.16118
15568.900000000001,3.635608839235284,0.0,36.16118
15570.900000000001,3.6349236848271307,0.0021863920599418,36.159393856846854
15572.900000000001,3.634545554879789,0.0017747305101225707,36.15788
15574.900000000001,3.63432087335811,0.0,36.15397855833577
15576.900000000001,3.63375363114282,0.0,36.14802
15578.900000000001,3.633221990605454,0.00041167189519036244,36.14473
15580.900000000001,3.6329261696819004,0.0,36.14802
15582.900000000001,3.632465668454061,0.0,36.14802
15584.900000000001,3.63224098523538,0.0017746556865086385,36.14473
15586.900000000001,3.6322054047928654,0.0,36.14143
15588.900000000001,3.63186282375852,0.0,36.14441934020933
15590.900000000001,3.63129558154323,0.0017751099789446861,36.14143
15592.900000000001,3.6312599805747414,0.0,36.14143
15594.900000000001,3.63072833932794,0.0004117685006079234,36.13815
15596.900000000001,3.63072833932794,0.0021863920599418,36.13486
15598.900000000001,3.63053925858951,0.0,36.13486
15600.900000000001,3.6303146433520803,0.0017754969729424242,36.13486
15602.900000000001,3.62978293563579,0.0,36.13157
15604.900000000001,3.62997201637422,0.0,36.125
15606.900000000001,3.6297473819217996,0.0,36.1217
15608.900000000001,3.629180089654753,0.0,36.11841
15610.900000000001,3.6292156934205,0.0021863920599418,36.11512
15612.900000000001,3.6288019320558123,0.000411651195822402,36.11183
15614.900000000001,3.628719670075437,0.0017746304662567855,36.10855
15616.900000000001,3.62864845120521,0.0,36.10855
15618.900000000001,3.6286128494150143,0.0021863920599418,36.10525
15620.900000000001,3.6283415157197747,0.000411802765811599,36.10196
15622.900000000001,3.6280455960869427,0.0021863920599418,36.10196
15624.900000000001,3.627856515945554,0.0017745972700349264,36.09868
15626.900000000001,3.62770304751307,0.0,36.09538
15628.900000000001,3.6275495762096224,0.0,36.09868
15630.900000000001,3.62751396677464,0.0,36.09868
15632.900000000001,3.6273604963666535,0.0,36.09538
15634.900000000001,3.62713580529778,0.0,36.09538
15636.900000000001,3.62713580529778,0.0,36.0921
15638.900000000001,3.626911114527575,0.0,36.0888
15640.900000000001,3.6269111411516963,0.0,36.08746863423232
15642.900000000001,3.62675764382092,0.001774608692956477,36.08445395054747
15644.900000000001,3.62675764382092,0.0,36.08223
15646.900000000001,3.6265333394980677,0.0021863920599418,36.07893
15648.900000000001,3.62637948234406,0.0,36.07503036917672
15650.900000000001,3.62637948234406,0.0,36.07236
15652.900000000001,3.6262260142097125,0.0,36.07236
15654.900000000001,3.6260369303017774,0.0,36.07236
15656.900000000001,3.625965709456838,0.0,36.06907
15658.900000000001,3.625965709847863,0.0,36.06578
15660.900000000001,3.62581224012877,0.0021863920599418,36.06578
15662.900000000001,3.625469687489701,0.0,36.06578
15664.900000000001,3.62543407865191,0.0,36.06907
15666.900000000001,3.6257769312730153,0.0021863920599418,36.06578
15668.900000000001,3.6255875486695803,0.0,36.0625
15670.900000000001,3.62562315939034,0.0,36.0625
15672.900000000001,3.62524499791348,0.0,36.0592
15674.900000000001,3.6250915294807617,0.0,36.05591
15676.900000000001,3.6249373281429382,0.0,36.05591
15678.900000000001,3.574538760184018,1.15441500764927,36.05262
15680.900000000001,3.570157300199645,1.15441500764927,36.05262
15682.900000000001,3.56738629195398,1.15441500764927,36.04605
15684.900000000001,3.5654628857777073,1.15441500764927,36.04275
15686.900000000001,3.563572076808437,1.15441500764927,36.04275
15688.900000000001,3.56171386980109,1.15441500764927,36.03946
15690.900000000001,3.56020122389365,1.15441500764927,36.03946
15692.900000000001,3.559001539802486,1.15441500764927,36.03946
15694.900000000001,3.557521490555716,1.15441500764927,36.03618
15696.900000000001,3.55604144764819,1.15441500764927,36.03618
15698.900000000001,3.554841778749,1.15441500764927,36.03618
15700.900000000001,3.5534269158291454,1.15441500764927,36.03946
15702.900000000001,3.5524815160710004,1.15441500764927,36.03946
15704.900000000001,3.551157948279532,1.15441500764927,36.03946
15706.900000000001,3.54980178328001,1.15441500764927,36.03946
15708.900000000001,3.548823779757875,1.15441500764927,36.03946
15710.900000000001,3.5476892950539574,1.15441500764927,36.04275
15712.900000000001,3.54658741072671,1.15441500764927,36.04275
15714.900000000001,3.5454203251544043,1.15441500764927,36.04275
15716.900000000001,3.544161960410761,1.15441500764927,36.04275
15718.900000000001,3.5430274723188373,1.15441500764927,36.04275
15720.900000000001,3.54223855374282,1.15222861558933,36.03946
15722.900000000001,3.54110406931224,1.15441500764927,36.03946
15724.900000000001,3.5401260634401446,1.15441500764927,36.03946
15726.900000000001,3.53902418118952,1.15441500764927,36.03946
15728.900000000001,3.53807877749737,1.15441500764927,36.03946
15730.900000000001,3.53675521232836,1.15441500764927,36.03946
15732.900000000001,3.5361227678307494,1.15222861558933,36.03946
15734.900000000001,3.5350860873703143,1.15222861558933,36.04275
15736.900000000001,3.53410808199034,1.15222861558933,36.04275
15738.900000000001,3.5330387966725763,1.15222861558933,36.04275
15740.900000000001,3.53221727460605,1.15222861558933,36.04275
15742.900000000001,3.5312718709139,1.15222861558933,36.04275
15744.900000000001,3.5303590694012743,1.15222861558933,36.04605
15746.900000000001,3.5297266222808816,1.15222861558933,36.04605
15748.900000000001,3.52862474057588,1.15222861558933,36.04933
15750.900000000001,3.5278032164327446,1.15441500764927,36.04933
15752.900000000001,3.526890409619843,1.15441500764927,36.05262
15754.900000000001,3.52597761023786,1.15222861558933,36.05591
15756.900000000001,3.525253888698188,1.15222861558933,36.05591
15758.900000000001,3.5244323637356123,1.15222861558933,36.05591
15760.900000000001,3.523486959497344,1.15222861558933,36.05591
15762.900000000001,3.52276323768456,1.15441500764927,36.0592
15764.900000000001,3.52200691473084,1.15441500764927,36.0625
15766.900000000001,3.52125059177712,1.15441500764927,36.0625
15768.900000000001,3.520650753393934,1.15222861558933,36.06578
15770.900000000001,3.520083506205714,1.15222861558933,36.0625
15772.900000000001,3.519203303484132,1.15222861558933,36.06578
15774.900000000001,3.51841438070067,1.15222861558933,36.06679416061943
15776.900000000001,3.51784713848538,1.15222861558933,36.06907
15778.900000000001,3.517123416399389,1.15222861558933,36.06963725426232
15780.900000000001,3.51614541183952,1.15222861558933,36.07236
15782.900000000001,3.5154216887153407,1.15222861558933,36.07565
15784.900000000001,3.51482184667051,1.15441500764927,36.07893
15786.900000000001,3.5140981222344383,1.15222861558933,36.082702390467155
15788.900000000001,3.5137199620692505,1.15222861558933,36.08552
15790.900000000001,3.51293103928621,1.15222861558933,36.0888
15792.900000000001,3.512396397064139,1.15222861558933,36.0888
15794.900000000001,3.5117639595073564,1.15222861558933,36.0921
15796.900000000001,3.511007632346143,1.15222861558933,36.0921
15798.900000000001,3.51047298968662,1.15222861558933,36.09538
15800.900000000001,3.50990574747134,1.15222861558933,36.09538
15802.900000000001,3.5093711043202367,1.15222861558933,36.09868
15804.900000000001,3.508614783442807,1.15222861558933,36.10196
15806.900000000001,3.508171419958498,1.15222861558933,36.10525
15808.900000000001,3.5077019835139573,1.15222861558933,36.10525
15810.900000000001,3.50688045565646,1.15222861558933,36.10525
15812.900000000001,3.5063458145817763,1.15222861558933,36.10855
15814.900000000001,3.5059024515891095,1.15222861558933,36.10855
15816.900000000001,3.50517872901059,1.15222861558933,36.11183
15818.900000000001,3.5047679663934352,1.15222861558933,36.11183
15820.900000000001,3.5042007270745263,1.15222861558933,36.11183
15822.900000000001,3.5034444035739813,1.15222861558933,36.11512
15824.900000000001,3.502942358666634,1.15222861558933,36.11841
15826.900000000001,3.50253159867258,1.15222861558933,36.11841
15828.900000000001,3.50196435645729,1.15222861558933,36.11841
15830.900000000001,3.501397114242,1.15222861558933,36.1217
15832.900000000001,3.50082987202671,1.15222861558933,36.1217
15834.900000000001,3.4999170726438655,1.15222861558933,36.125
15836.900000000001,3.49969538759613,1.15441500764927,36.13157
15838.900000000001,3.499349829390423,1.15441500764927,36.13157
15840.900000000001,3.49856090316555,1.15441500764927,36.13486
15842.900000000001,3.4979610671327697,1.15441500764927,36.13961751312427
15844.900000000001,3.49742641873497,1.15441500764927,36.14473
15846.900000000001,3.4971721728797567,1.15441500764927,36.14802
15848.900000000001,3.49632453702894,1.15441500764927,36.14802
15850.900000000001,3.49610285356596,1.15441500764927,36.14858553955289
15852.900000000001,3.49534653061224,1.15222861558933,36.15167935900197
15854.900000000001,3.4950922407093343,1.15222861558933,36.1546
15856.900000000001,3.49421204618167,1.15222861558933,36.1546
15858.900000000001,3.4938664866642144,1.15222861558933,36.15788
15860.900000000001,3.493110161852944,1.15441500764927,36.15788
15862.900000000001,3.4929210782180946,1.15441500764927,36.16118
15864.900000000001,3.4921647610564173,1.15441500764927,36.16118
15866.900000000001,3.49194307732051,1.15441500764927,36.16446
15868.900000000001,3.49118675436679,1.15441500764927,36.16775
15870.900000000001,3.49099767362836,1.15441500764927,36.17105
15872.900000000001,3.49024135067464,1.15441500764927,36.17433
15874.900000000001,3.48986318919778,1.15441500764927,36.17433
15876.900000000001,3.4894524270730476,1.15222861558933,36.17762
15878.900000000001,3.488761307764564,1.15222861558933,36.17762
15880.900000000001,3.48835054329034,1.15441500764927,36.17762
15882.900000000001,3.48797238181348,1.15441500764927,36.18091
15884.900000000001,3.48759422033663,1.15441500764927,36.18091
15886.900000000001,3.4870595795341774,1.15441500764927,36.1842
15888.900000000001,3.48664881664448,1.15441500764927,36.1842
15890.900000000001,3.4862380537547826,1.15441500764927,36.1875
15892.900000000001,3.48589249369076,1.15441500764927,36.19078
15894.900000000001,3.48513617073704,1.15441500764927,36.19407
15896.900000000001,3.4848220628166855,1.15441500764927,36.19407
15898.900000000001,3.4844118820706074,1.15441500764927,36.19736
15900.900000000001,3.4842232508114637,1.15222861558933,36.19736
15902.900000000001,3.483498754204255,1.15222861558933,36.20065
15904.900000000001,3.4832133086542916,1.15441500764927,36.20065
15906.900000000001,3.4827101691746374,1.15441500764927,36.20723
15908.900000000001,3.48248904039902,1.15222861558933,36.21198144305737
15910.900000000001,3.481764740258424,1.15222861558933,36.21052
15912.900000000001,3.481511473425483,1.15222861558933,36.2138
15914.900000000001,3.48116547523001,1.15222861558933,36.2171
15916.900000000001,3.48059823301472,1.15222861558933,36.2171
15918.900000000001,3.4798739663440035,1.15441500764927,36.22038
15920.900000000001,3.4795278263390017,1.154044533386293,36.22093917010047
15922.900000000001,3.47927466784572,1.15222861558933,36.22696
15924.900000000001,3.478518344892,1.15441500764927,36.23025
15926.900000000001,3.47832926415357,1.15441500764927,36.23355
15928.900000000001,3.477919008542919,1.15441500764927,36.23364165836981
15930.900000000001,3.4777296733031067,1.15441500764927,36.23683
15932.900000000001,3.477130546517333,1.15222861558933,36.24012
15934.900000000001,3.476752467761286,1.15222861558933,36.24012
15936.900000000001,3.47643845676927,1.15222861558933,36.24341
15938.900000000001,3.47587121455398,1.15441500764927,36.2467
15940.900000000001,3.4752110778506715,1.154044265048479,36.2467
15942.900000000001,3.47492581086183,1.1525993600239797,36.2467
15944.900000000001,3.4747045110228747,1.15441500764927,36.25328
15946.900000000001,3.47416948790811,1.15222861558933,36.25328
15948.900000000001,3.473759192527479,1.15222861558933,36.25328
15950.900000000001,3.473381102037169,1.15222861558933,36.25328
15952.900000000001,3.47322408421596,1.15222861558933,36.25657
15954.900000000001,3.47246776126225,1.15441500764927,36.25657
15956.900000000001,3.5261188724398913,0.0,36.26315
15958.900000000001,3.5293810635296,0.0,36.26973
15960.900000000001,3.531791341914204,0.0021863920599418,36.2763
15962.900000000001,3.53354083977505,0.0021863920599418,36.2796
15964.900000000001,3.53543164715935,0.0016354568142246811,36.2763
15966.900000000001,3.5368511310520456,0.0,36.27302
15968.900000000001,3.5382678582358,0.0,36.26973
15970.900000000001,3.53959142340481,0.0021863920599418,36.26643
15972.900000000001,3.5407735993911293,0.0,36.26656872568872
15974.900000000001,3.5417189608024104,0.0,36.26643
15976.900000000001,3.542946939451111,0.001632080639050362,36.26643
15978.900000000001,3.54375119965026,0.0,36.26643
15980.900000000001,3.54488568408084,0.0,36.26643
15982.900000000001,3.5459724623373514,0.0005516394798315684,36.26315
15984.900000000001,3.54691792530525,0.0,36.26315
15986.900000000001,3.5472957937823,0.0,36.25986
15988.900000000001,3.54810005663414,0.0,36.25411270230146
15990.900000000001,3.54904546032629,0.0021863920599418,36.25328
15992.900000000001,3.54961270254158,0.0,36.2524574932401
15994.900000000001,3.5503690254953,0.0,36.25286860364399
15996.900000000001,3.5511732654506587,0.0,36.25
15998.900000000001,3.5517404644988004,0.0,36.2467
16000.900000000001,3.552212293828193,0.0021863920599418,36.2467
16002.900000000001,3.55301615583332,0.0016355776948060617,36.24341
16004.900000000001,3.55358339804861,0.0021863920599418,36.24341
16006.900000000001,3.554198577242031,0.0005543083300468847,36.24012
16008.900000000001,3.5545763280424993,0.0021863920599418,36.24012
16010.900000000001,3.555332675296728,0.0016365514993159453,36.23683
16012.900000000001,3.5557108140577083,0.0021863920599418,36.23683
16014.900000000001,3.5559934385590557,0.0021863920599418,36.23683
16016.900000000001,3.5565611607820315,0.0021863920599418,36.23355
16018.900000000001,3.5569393214707703,0.0021863920599418,36.23025
16020.900000000001,3.55755409355563,0.0021863920599418,36.22696
16022.900000000001,3.5580255258831017,0.0016324541503248125,36.22368
16024.900000000001,3.558168957826105,0.0021863920599418,36.22038
16026.900000000001,3.55868857798621,0.0021863920599418,36.22038
16028.900000000001,3.55906673946307,0.0,36.22038
16030.900000000001,3.559681513132553,0.0,36.2171
16032.900000000001,3.55982306241679,0.0016367684071614235,36.2138
16034.900000000001,3.560248847948584,0.0,36.20723
16036.900000000001,3.56057938537051,0.0021863920599418,36.20723
16038.900000000001,3.56076846610894,0.0016367683028661341,36.20723
16040.900000000001,3.56133570832423,0.0,36.20393
16042.900000000001,3.56190295053952,0.0016367729104306613,36.20393
16044.900000000001,3.562233483149952,0.0,36.20065
16046.900000000001,3.5625179705195427,0.0,36.20065
16048.900000000001,3.5627068057534483,0.0016367635933121898,36.20065
16050.900000000001,3.5633680594590205,0.0021863920599418,36.19736
16052.900000000001,3.56341559644695,0.0,36.19407
16054.900000000001,3.56379375792381,0.0,36.19407
16056.900000000001,3.5639350317313876,0.0,36.19078
16058.900000000001,3.56417191940067,0.0021863920599418,36.1875
16060.900000000001,3.564219450456927,0.0,36.1842
16062.900000000001,3.5646916297716067,0.0,36.1842
16064.900000000001,3.56492824235439,0.0,36.17762
16066.900000000001,3.5650695366534646,0.0,36.17762
16068.900000000001,3.5654479535129564,0.0,36.17433
16070.900000000001,3.5655430160245056,0.0,36.17433
16072.900000000001,3.56606272678497,0.001636782118012119,36.17433
16074.900000000001,3.56644088826183,0.0,36.17105
16076.900000000001,3.5662993354192154,0.0,36.16775
16078.900000000001,3.5666775028279427,0.0,36.16446
16080.900000000001,3.5667239749651864,0.0005496877461310821,36.16446
16082.900000000001,3.5668665811850317,0.0005496190555521066,36.16446
16084.900000000001,3.56719721121555,0.0021863920599418,36.16446
16086.900000000001,3.5673387616852974,0.0021863920599418,36.16446
16088.900000000001,3.56776445343084,0.0,36.15788
16090.900000000001,3.56795353416927,0.0,36.1546
16092.900000000001,3.5681426149077,0.0016367683969804128,36.1546
16094.900000000001,3.56833169564613,0.0,36.1546
16096.900000000001,3.56833169564613,0.0,36.1513
16098.900000000001,3.56852077638456,0.000549605443048725,36.14802
16100.900000000001,3.568757392535296,0.0,36.14802
16102.900000000001,3.56889893786142,0.0021863920599418,36.14473
16104.900000000001,3.5689464693079,0.0,36.14473
16106.900000000001,3.569229571043599,0.0,36.14143
16108.900000000001,3.488487221293866,1.80377344945198,36.13815
16110.900000000001,3.4813370925588565,1.80377344945198,36.13815
16112.900000000001,3.4766100729521803,1.80377344945198,36.13486
16114.900000000001,3.4728109875828257,1.80377344945198,36.13486
16116.900000000001,3.46925338870894,1.80377344945198,36.13486
16118.900000000001,3.4658150443215288,1.80377344945198,36.13815
16120.900000000001,3.4631678785529614,1.80377344945198,36.13815
16122.900000000001,3.460520748799623,1.80377344945198,36.14143
16124.900000000001,3.458234420384436,1.80377344945198,36.14173417717648
16126.900000000001,3.4556223098483025,1.80377344945198,36.14473
16128.900000000001,3.453542234273535,1.80377344945198,36.14503368428824
16130.900000000001,3.45110163781969,1.80377344945198,36.14802
16132.900000000001,3.4491767951133685,1.80377344945198,36.1546
16134.900000000001,3.4469244293296684,1.80377344945198,36.15788
16136.900000000001,3.4448792524089704,1.80377344945198,36.16446
16138.900000000001,3.443142802327429,1.80377344945198,36.17105
16140.900000000001,3.441097826114802,1.80377344945198,36.17433
16142.900000000001,3.43937863203704,1.80377344945198,36.18091
16144.900000000001,3.438037628374212,1.80377344945198,36.1875
16146.900000000001,3.43673150169902,1.80377344945198,36.19407
16148.900000000001,3.435201405885516,1.80377344945198,36.20065
16150.900000000001,3.4336887493512087,1.80377344945198,36.21052
16152.900000000001,3.4323656402111986,1.80377344945198,36.2171
16154.900000000001,3.4308525664177547,1.80377344945198,36.22038
16156.900000000001,3.4297182323921445,1.80377344945198,36.22696
16158.900000000001,3.42822286846969,1.80377344945198,36.23355
16160.900000000001,3.42689930330068,1.80377344945198,36.24341
16162.900000000001,3.4259368807881923,1.80377344945198,36.25
16164.900000000001,3.4247845466051645,1.80377344945198,36.25328
16166.900000000001,3.4236676519354075,1.80377344945198,36.25986
16168.900000000001,3.42236136557836,1.80377344945198,36.26643
16170.900000000001,3.4213810324837466,1.80377344945198,36.2763
16172.900000000001,3.420126483793715,1.80377344945198,36.28288
16174.900000000001,3.4191295590304636,1.80377344945198,36.28618
16176.900000000001,3.41782342785605,1.80377344945198,36.29275
16178.900000000001,3.416895475116539,1.80377344945198,36.29405304604332
16180.900000000001,3.4159151557706338,1.80377344945198,36.30262
16182.900000000001,3.4147810968392553,1.80377344945198,36.3092
16184.900000000001,3.4136636516106,1.80377344945198,36.312802504537316
16186.900000000001,3.412924598095391,1.80377344945198,36.32236
16188.900000000001,3.4117728442263,1.80377344945198,36.32918375867425
16190.900000000001,3.4109815918705673,1.80377344945198,36.33552
16192.900000000001,3.40986477432182,1.80377344945198,36.3421
16194.900000000001,3.40893663314985,1.80377344945198,36.34868
16196.900000000001,3.4081630638253357,1.80377344945198,36.35525
16198.900000000001,3.40704582576555,1.80377344945198,36.36183
16200.900000000001,3.40647858355027,1.80377344945198,36.36841
16202.900000000001,3.4053613485186593,1.80377344945198,36.37828
16204.900000000001,3.404570312903367,1.80377344945198,36.38815
16206.900000000001,3.40383145321225,1.80377344945198,36.39802
16208.900000000001,3.4029209619018967,1.80377344945198,36.4046
16210.900000000001,3.402283880780244,1.80377344945198,36.41446
16212.900000000001,3.4012015712655055,1.80377344945198,36.42433
16214.900000000001,3.4004454674978106,1.80377344945198,36.4375
16216.900000000001,3.39967167696679,1.80377344945198,36.44407
16218.900000000001,3.39872627327465,1.80377344945198,36.45393
16220.900000000001,3.39815903105936,1.80377344945198,36.45723
16222.900000000001,3.3972306798629406,1.80377344945198,36.47038
16224.900000000001,3.39645730441349,1.80377344945198,36.47696
16226.900000000001,3.3958727917460005,1.80377344945198,36.48025
16228.900000000001,3.395305369492928,1.80377344945198,36.48355
16230.900000000001,3.3943948796991714,1.80377344945198,36.48683
16232.900000000001,3.39381017407547,1.80377344945198,36.49012
16234.900000000001,3.39286477038332,1.80377344945198,36.4967
16236.900000000001,3.3921084474296,1.80377344945198,36.50328
16238.900000000001,3.3913695732363336,1.80377344945198,36.50986
16240.900000000001,3.390956499590829,1.80377344945198,36.51643
16242.900000000001,3.3902005978102614,1.80377344945198,36.52302
16244.900000000001,3.3896155353840385,1.80377344945198,36.53288
16246.900000000001,3.3888767972168714,1.80377344945198,36.54275
16248.900000000001,3.38832683266101,1.80377344945198,36.54963364528046
16250.900000000001,3.38775959044572,1.80377344945198,36.55292390526454
16252.900000000001,3.38719234823043,1.80377344945198,36.55949730463717
16254.900000000001,3.3864534639153825,1.80377344945198,36.566083431865714
16256.900000000001,3.38583432348384,1.80377344945198,36.575948886643346
16258.900000000001,3.38528408192724,1.80377344945198,36.5888
16260.900000000001,3.384562681007675,1.80377344945198,36.59868
16262.900000000001,3.3838058768919472,1.80377344945198,36.60529939728057
16264.900000000001,3.38322165272341,1.80377344945198,36.61183
16266.900000000001,3.3824827973465608,1.80377344945198,36.61841
16268.900000000001,3.38208716829283,1.80377344945198,36.6217
16270.900000000001,3.3816566036481657,1.80377344945198,36.62828
16272.900000000001,3.3811245720301786,1.80377344945198,36.64143
16274.900000000001,3.380178919666628,1.80377344945198,36.64473
16276.900000000001,3.3794575012160535,1.80377344945198,36.64802
16278.900000000001,3.37906187647795,1.80377344945198,36.6513
16280.900000000001,3.37849463426266,1.80377344945198,36.6513
16282.900000000001,3.37792739204737,1.80377344945198,36.66118
16284.900000000001,3.3769994281377054,1.80377344945198,36.67105
16286.900000000001,3.37660382687837,1.80377344945198,36.67762
16288.900000000001,3.37622566540151,1.80377344945198,36.6842
16290.900000000001,3.37565842318622,1.80377344945198,36.69407
16292.900000000001,3.3749021002325,1.80377344945198,36.70065
16294.900000000001,3.374317422397302,1.80377344945198,36.70723
16296.900000000001,3.373595999909066,1.80377344945198,36.70723
16298.900000000001,3.37320037358663,1.80377344945198,36.7138
16300.900000000001,3.372461518355032,1.80377344945198,36.72038
16302.900000000001,3.3720830427590687,1.80377344945198,36.72696
16304.900000000001,3.3714812090323525,1.80377344945198,36.74012
16306.900000000001,3.3711204854639,1.80377344945198,36.7467
16308.900000000001,3.3705357986262627,1.80377344945198,36.75328
16310.900000000001,3.369968533603998,1.80377344945198,36.75986
16312.900000000001,3.3690234714578393,1.80377344945198,36.76643
16314.900000000001,3.36866243586432,1.80377344945198,36.774811276501914
16316.900000000001,3.36809519364903,1.80377344945198,36.7796
16318.900000000001,3.367510506180313,1.80377344945198,36.786972802029375
16320.900000000001,3.36696070921845,1.80377344945198,36.79305486174881
16322.900000000001,3.36620438626473,1.80377344945198,36.80262
16324.900000000001,3.36582622478787,1.80377344945198,36.8092
16326.900000000001,3.36544806331101,1.80377344945198,36.81907
16328.900000000001,3.36450265961886,1.80377344945198,36.82565
16330.900000000001,3.3641070318578747,1.80377344945198,36.83223
16332.900000000001,3.36355725592671,1.80377344945198,36.83223
16334.900000000001,3.36299001371142,1.80377344945198,36.83223
16336.900000000001,3.36223369075771,1.80377344945198,36.83223
16338.900000000001,3.36185552928085,1.80377344945198,36.8388
16340.900000000001,3.36109920632713,1.80377344945198,36.84538
16342.900000000001,3.3607037902829044,1.80377344945198,36.85525
16344.900000000001,3.3599472843519966,1.80377344945198,36.86841
16346.900000000001,3.359569167177417,1.80377344945198,36.875
16348.900000000001,3.3588476046561913,1.80377344945198,36.88486
16350.900000000001,3.358469496398355,1.80377344945198,36.89143
16352.900000000001,3.3582284898556067,1.80377344945198,36.9013
16354.900000000001,3.35750667229696,1.80377344945198,36.90788
16356.900000000001,3.35693943008167,1.80377344945198,36.91446
16358.900000000001,3.35618310712795,1.80377344945198,36.91775
16360.900000000001,3.3555984428371204,1.80377344945198,36.92105
16362.900000000001,3.355014151610699,1.80377344945198,36.92433
16364.900000000001,3.354463984894789,1.80377344945198,36.93091
16366.900000000001,3.35372505752837,1.80377344945198,36.9342
16368.900000000001,3.35334689605151,1.80377344945198,36.9375
16370.900000000001,3.3527622511651547,1.80377344945198,36.94078
16372.900000000001,3.3520233308825,1.80377344945198,36.95065
16374.900000000001,3.3516278155595542,1.80377344945198,36.95393
16376.900000000001,3.350906248531337,1.80377344945198,36.96052
16378.900000000001,3.350493399175075,1.80377344945198,36.9671
16380.900000000001,3.350097708611803,1.80377344945198,36.9671
16382.900000000001,3.5002399451321407,-1.7504035758255934,36.9671
16384.9,3.5219076631126343,-1.73599529559379,36.97368
16386.9,3.532655258811999,-1.73380890353384,36.98025
16388.9,3.53965047161836,-1.73380890353384,36.98355
16390.9,3.545542345770534,-1.73380890353384,36.98544852789879
16392.9,3.550428894704872,-1.73380890353384,36.98683
16394.9,3.5547473990446927,-1.73380890353384,36.98303485146081
16396.9,3.5583402651754388,-1.73380890353384,36.98406778740438
16398.9,3.5615837695562473,-1.73380890353384,36.98406156987373
16400.9,3.5649581040813167,-1.73380890353384,36.99012
16402.9,3.56808276263243,-1.73380890353384,36.99012
16404.9,3.57116790672257,-1.73599529559379,36.992896988913195
16406.9,3.573844882232783,-1.73380890353384,36.99341
16408.9,3.576680726972274,-1.73380890353384,36.99012
16410.9,3.57948745921348,-1.73380890353384,36.98708864833711
16412.9,3.5821645351148748,-1.73380890353384,36.99012
16414.9,3.5848112461815838,-1.73599529559379,36.99341
16416.9,3.58742885022753,-1.73599529559379,36.99341
16418.9,3.59007598056555,-1.73380890353384,36.99012
16420.9,3.592752927297854,-1.73380890353384,37.0
16422.9,3.5953402936706294,-1.73599529559379,37.0
16424.9,3.5976687336184545,-1.73599529559379,37.0
16426.9,3.6001270786626325,-1.73380890353384,37.00328
16428.9,3.602584830525901,-1.73380890353384,37.00328
16430.9,3.6050133589015,-1.73380890353384,37.00328
16432.9,3.60747140850108,-1.73380890353384,37.0
16434.9,3.60974037736224,-1.73380890353384,36.9967
16436.9,3.6120690162622062,-1.73380890353384,36.99341
16438.9,3.6139591540443767,-1.73380890353384,36.99341
16440.9,3.616388053872722,-1.73380890353384,36.9967
16442.9,3.61862717206844,-1.73380890353384,36.99341
16444.9,3.620547506836852,-1.73380890353384,36.99012
16446.9,3.62316510979075,-1.73599529559379,36.99012
16448.9,3.62486683643662,-1.73380890353384,36.98683
16450.9,3.62694672455935,-1.73380890353384,36.98025
16452.9,3.6288674555505094,-1.73380890353384,36.98025
16454.9,3.63091742006637,-1.73380890353384,36.98025
16456.9,3.63261914671224,-1.73380890353384,36.97696
16458.9,3.6345394082321656,-1.73380890353384,36.97696
16460.9,3.6364305864445856,-1.73380890353384,36.97696
16462.9,3.63829156886513,-1.73380890353384,36.97368
16464.9,3.639833740467428,-1.73380890353384,36.97696
16466.9,3.641724889376608,-1.73380890353384,36.978340945371926
16468.9,3.643426252659683,-1.73380890353384,36.97696
16470.9,3.6452576908838505,-1.73380890353384,36.97368
16472.9,3.646641035529533,-1.73599529559379,36.96657791206367
16474.9,3.648182938122608,-1.73380890353384,36.96328677898248
16476.9,3.649666261484342,-1.73380890353384,36.96052
16478.9,3.651497331717009,-1.73380890353384,36.95775006501824
16480.9,3.65285078572422,-1.73380890353384,36.95723
16482.9,3.6543932545895905,-1.73380890353384,36.95723
16484.9,3.65606515827753,-1.73599529559379,36.9638
16486.9,3.65738872344654,-1.73599529559379,36.963973625298514
16488.9,3.658682423453505,-1.73380890353384,36.96052
16490.9,3.660065705353215,-1.73380890353384,36.96052
16492.9,3.661229983300896,-1.73380890353384,36.96052
16494.9,3.662872064861,-1.73380890353384,36.95723
16496.9,3.66419563003001,-1.73599529559379,36.95723
16498.9,3.665459458703935,-1.73380890353384,36.95393
16500.9,3.66668353186667,-1.73599529559379,36.95393
16502.9,3.6680070892786807,-1.73599529559379,36.95065
16504.9,3.66930080996761,-1.73599529559379,36.95065
16506.9,3.67043529439819,-1.73380890353384,36.94736
16508.9,3.671440474785965,-1.73380890353384,36.94736
16510.9,3.672734112659437,-1.73380890353384,36.94736
16512.9,3.6738685794917356,-1.73380890353384,36.94407
16514.9,3.67516231285893,-1.73599529559379,36.9375
16516.9,3.6764261772272,-1.73599529559379,36.9375
16518.9,3.67724220098166,-1.73380890353384,36.9375
16520.9,3.678217492111675,-1.73380890353384,36.9375
16522.9,3.557324751445969,0.898607136636078,36.94736
16524.9,3.550706957355563,0.898607136636078,36.95065
16526.9,3.545865188945385,0.898607136636078,36.94736
16528.9,3.5417456955999334,0.898607136636078,36.94407
16530.9,3.538416671529343,0.898607136636078,36.94407
16532.9,3.5355060337776325,0.898607136636078,36.94407
16534.9,3.53255518428007,0.898607136636078,36.94407
16536.9,3.52994830574489,0.898607136636078,36.94078
16538.9,3.5273755594793834,0.898607136636078,36.9342
16540.9,3.52503220654571,0.90079352869602,36.93091
16542.9,3.52295231842299,0.8994678154593899,36.9342
16544.9,3.52087243030026,0.898607136636078,36.9375
16546.9,3.518677876264545,0.898607136636078,36.9375
16548.9,3.5168614285388755,0.90079352869602,36.92762
16550.9,3.51501092740894,0.8994673881917916,36.92433
16552.9,3.5134982815015,0.898607136636078,36.91775
16554.9,3.51179655485563,0.90079352869602,36.91118
16556.9,3.51009482820977,0.90079352869602,36.9046
16558.9,3.5083931015639,0.90079352869602,36.89802
16560.9,3.5069548788572464,0.90079352869602,36.89473
16562.9,3.50555689048745,0.90079352869602,36.88815
16564.9,3.504158908119987,0.90079352869602,36.87828
16566.9,3.502795089094829,0.90079352869602,36.8717
16568.9,3.5014714998996466,0.898607136636078,36.8717
16570.9,3.50026262981142,0.898607136636078,36.86841
16572.9,3.4992025608296697,0.90079352869602,36.8717
16574.9,3.49799366095026,0.90079352869602,36.86512
16576.9,3.49648101504282,0.90079352869602,36.85855
16578.9,3.49553561135067,0.898607136636078,36.85855
16580.9,3.4946646348047263,0.898607136636078,36.85196
16582.9,3.493341049628499,0.898607136636078,36.84538
16584.9,3.4922468190526654,0.90079352869602,36.8421
16586.9,3.4911123427609323,0.90079352869602,36.8388
16588.9,3.48986318919778,0.90079352869602,36.8421
16590.9,3.4891812931038033,0.90079352869602,36.8421
16592.9,3.488235882181475,0.90079352869602,36.83223
16594.9,3.48721605885977,0.90079352869602,36.82893
16596.9,3.48645973590605,0.90079352869602,36.82236
16598.9,3.4855143322139,0.90079352869602,36.81578
16600.9,3.484609160631733,0.90079352869602,36.8092
16602.9,3.483772357649733,0.898607136636078,36.80591
16604.9,3.48294161730564,0.898607136636078,36.80262
16606.9,3.48211087892216,0.898607136636078,36.79318274587496
16608.9,3.481050777941734,0.90079352869602,36.79275
16610.9,3.480334739627378,0.90079352869602,36.79275
16612.9,3.479308747122488,0.90079352869602,36.78618
16614.9,3.4786672337739417,0.90079352869602,36.78288
16616.9,3.4778766785301944,0.90079352869602,36.7808910421368
16618.9,3.477080084590335,0.90079352869602,36.7796
16620.9,3.4761347205679876,0.898607136636078,36.7763
16622.9,3.47549305307712,0.898607136636078,36.772019269781865
16624.9,3.47492581086183,0.898607136636078,36.76939637097298
16626.9,3.4740950740428582,0.898607136636078,36.76643
16628.9,3.4734875490278667,0.898607136636078,36.76315
16630.9,3.472582434002686,0.90079352869602,36.76315
16632.9,3.4719749265241013,0.90079352869602,36.75986
16634.9,3.4709953863769285,0.90079352869602,36.75986
16636.9,3.4706916214454826,0.90079352869602,36.75657
16638.9,3.4696315501858,0.90079352869602,36.75657
16640.9,3.46906430797051,0.90079352869602,36.75328
16642.9,3.468611729122319,0.90079352869602,36.7467
16644.9,3.4676663321042804,0.90079352869602,36.74012
16646.9,3.46736258132464,0.898607136636078,36.74012
16648.9,3.46622809689406,0.898607136636078,36.74012
16650.9,3.46603901615563,0.898607136636078,36.73683
16652.9,3.4650533337983003,0.90079352869602,36.73355
16654.9,3.46433728950977,0.90079352869602,36.73355
16656.9,3.463844465894543,0.90079352869602,36.73025
16658.9,3.46339188581762,0.898607136636078,36.72696
16660.9,3.4625209119035714,0.90079352869602,36.73025
16662.9,3.46206832064861,0.90079352869602,36.73355
16664.9,3.4615754791842597,0.90079352869602,36.73025
16666.9,3.46055567474117,0.90079352869602,36.72368
16668.9,3.460292190368849,0.90079352869602,36.7171
16670.9,3.459684694453813,0.898607136636078,36.7138
16672.9,3.45904302883373,0.90079352869602,36.70723
16674.9,3.458361119408441,0.898607136636078,36.69736
16676.9,3.4580232148537817,0.898607136636078,36.69736
16678.9,3.45741594244882,0.90079352869602,36.694500281186286
16680.9,3.456888735096857,0.90079352869602,36.69164179214418
16682.9,3.4560921460811427,0.90079352869602,36.688574338622324
16684.9,3.455639575542,0.90079352869602,36.688790752980516
16686.9,3.45545049480357,0.90079352869602,36.68549833058862
16688.9,3.45446482984687,0.90079352869602,36.67891472751463
16690.9,3.4538976037417912,0.90079352869602,36.67762
16692.9,3.4534852985383924,0.90079352869602,36.67433
16694.9,3.4531071206725064,0.90079352869602,36.672340714682576
16696.9,3.45242520298869,0.90079352869602,36.67105
16698.9,3.45204704151183,0.90079352869602,36.67204282393254
16700.9,3.45143957602297,0.90079352869602,36.67105
16702.9,3.45091255708126,0.90079352869602,36.66775
16704.9,3.45034531486597,0.90079352869602,36.66446
16706.9,3.44996715338911,0.90079352869602,36.66118
16708.9,3.44958899191225,0.90079352869602,36.65788
16710.9,3.44921083043539,0.90079352869602,36.65788
16712.9,3.44883266895853,0.898607136636078,36.65788
16714.9,3.44826542674324,0.898607136636078,36.65788
16716.9,3.4477726168677996,0.90079352869602,36.6546
16718.9,3.4468274423015646,0.90079352869602,36.6546
16720.9,3.4467527808358,0.90079352869602,36.6546
16722.9,3.446070884574169,0.90079352869602,36.6546
16724.9,3.4456927058050772,0.898607136636078,36.6546
16726.9,3.445388985111535,0.90079352869602,36.6513
16728.9,3.4447875544439595,0.90079352869602,36.6513
16730.9,3.444369158232769,0.90079352869602,36.64802
16732.9,3.443990988766781,0.90079352869602,36.64802
16734.9,3.443423739775292,0.90079352869602,36.64802
16736.9,3.443274885796437,0.898607136636078,36.64802
16738.9,3.44278208532878,0.898607136636078,36.64473
16740.9,3.4421001598545207,0.90079352869602,36.64473
16742.9,3.441762275119285,0.90079352869602,36.64473
16744.9,3.44145852015977,0.898607136636078,36.64143
16746.9,3.4411950124081097,0.898607136636078,36.64143
16748.9,3.44070219720605,0.898607136636078,36.63815
16750.9,3.44032403572919,0.898607136636078,36.63815
16752.9,3.439871461346117,0.90079352869602,36.63815
16754.9,3.439493324855374,0.90079352869602,36.63815
16756.9,3.439115098210446,0.90079352869602,36.63815
16758.9,3.4386967258643693,0.90079352869602,36.63815
16760.9,3.4383185413198727,0.90079352869602,36.636154448705675
16762.9,3.4381294836173617,0.90079352869602,36.62828
16764.9,3.437562237272867,0.90079352869602,36.625
16766.9,3.43706937490357,0.90079352869602,36.625
16768.9,3.436880359771301,0.90079352869602,36.625
16770.9,3.4362789186038376,0.90079352869602,36.625
16772.9,3.43616425948374,0.90079352869602,36.626322287676174
16774.9,3.43559701726845,0.90079352869602,36.62828
16776.9,3.43540793653002,0.90079352869602,36.6217
16778.9,3.4349895342526398,0.90079352869602,36.61512
16780.9,3.434536956665119,0.90079352869602,36.61183
16782.9,3.43446253283787,0.90079352869602,36.61512
16784.9,3.4339355949485686,0.90079352869602,36.61183
16786.9,3.4336318194698734,0.898607136636078,36.60855
16788.9,3.43351712914572,0.898607136636078,36.60196
16790.9,3.43294988693043,0.898607136636078,36.60196
16792.9,3.43257172545357,0.898607136636078,36.60196
16794.9,3.564973413206172,-1.92621140480872,36.60196
16796.9,3.573932160892742,-1.92402501274878,36.60196
16798.9,3.580549988700778,-1.92402501274878,36.60196
16800.9,3.5860333212097535,-1.92402501274878,36.60196
16802.9,3.5909854045213776,-1.92402501274878,36.59868
16804.9,3.595829554890644,-1.92402501274878,36.60196
16806.9,3.59953001748703,-1.92402501274878,36.60855
16808.9,3.6033927814832976,-1.92402501274878,36.60855
16810.9,3.607435428463318,-1.92402501274878,36.60855
16812.9,3.610838884622587,-1.92402501274878,36.60855
16814.9,3.6142423379140967,-1.92402501274878,36.60525
16816.9,3.61749268763786,-1.92402501274878,36.60855
16818.9,3.620671084303938,-1.92402501274878,36.60525
16820.9,3.6236963729496234,-1.92402501274878,36.60525
16822.9,3.62656856308249,-1.92402501274878,36.60525
16824.9,3.62940477415893,-1.92402501274878,36.60855
16826.9,3.632169022297204,-1.92402501274878,36.61501533673201
16828.9,3.635041218538116,-1.92402501274878,36.61841
16830.9,3.63772432664984,-1.92402501274878,36.6217
16832.9,3.639957316075767,-1.92402501274878,36.61841
16834.9,3.642604449358769,-1.92621140480872,36.61841
16836.9,3.64472031397174,-1.92402501274878,36.6217
16838.9,3.64717836357133,-1.92402501274878,36.6217
16840.9,3.649411353979015,-1.92402501274878,36.625
16842.9,3.6514552616845233,-1.92402501274878,36.6217
16844.9,3.653454006695061,-1.92621140480872,36.6217
16846.9,3.65568699680067,-1.92402501274878,36.6217
16848.9,3.6577668849234,-1.92621140480872,36.6217
16850.9,3.65965769230769,-1.92621140480872,36.622145340016424
16852.9,3.66135941895356,-1.92621140480872,36.625
16854.9,3.66325022633786,-1.92402501274878,36.63157
16856.9,3.6651050581360125,-1.92621140480872,36.63486
16858.9,3.66684276036802,-1.92402501274878,36.64143
16860.9,3.6686616070721763,-1.92402501274878,36.64473
16862.9,3.670093109790821,-1.92402501274878,36.64473
16864.9,3.6721010435718533,-1.92402501274878,36.64802
16866.9,3.67346058621306,-1.92402501274878,36.64802
16868.9,3.6751263369709273,-1.92621140480872,36.6546
16870.9,3.6765578367453857,-1.92402501274878,36.65788
16872.9,3.67818760467381,-1.92402501274878,36.65788
16874.9,3.67951116984282,-1.92402501274878,36.66118
16876.9,3.6811769108730577,-1.92402501274878,36.66446
16878.9,3.682500483883829,-1.92402501274878,36.66775
16880.9,3.683896006563903,-1.92402501274878,36.67105
16882.9,3.68499451125728,-1.92402501274878,36.67433
16884.9,3.68650715716472,-1.92402501274878,36.67433
16886.9,3.6878667014681787,-1.92621140480872,36.67433
16888.9,3.6893073635252414,-1.92402501274878,36.67433
16890.9,3.690441872934406,-1.92402501274878,36.67762
16892.9,3.691576345978963,-1.92402501274878,36.67433
16894.9,3.6927468215329,-1.92402501274878,36.67105
16896.9,3.69425946744034,-1.92402501274878,36.67433
16898.9,3.69501579039405,-1.92402501274878,36.67762
16900.9,3.69633935556306,-1.92402501274878,36.67762
16902.9,3.6973568773959404,-1.92621140480872,36.68091
16904.9,3.698382931734552,-1.92402501274878,36.687288750844246
16906.9,3.699706738123981,-1.92402501274878,36.69078
16908.9,3.7006155605398123,-1.92402501274878,36.69407
16910.9,3.70144453550067,-1.92402501274878,36.69407
16912.9,3.7024259982633745,-1.92402501274878,36.69736
16914.9,3.7035607496270306,-1.92402501274878,36.70393
16916.9,3.70428074657711,-1.92402501274878,36.70660054970294
16918.9,3.70522615026926,-1.92402501274878,36.70988819520644
16920.9,3.706207532416163,-1.92402501274878,36.7078560241901
16922.9,3.7072339188914825,-1.92402501274878,36.70723
16924.9,3.7078370165476238,-1.92402501274878,36.708555462102964
16926.9,3.70900776503786,-1.92402501274878,36.71469017751776
16928.9,3.70976408799157,-1.92402501274878,36.72038
16930.9,3.7103673102463675,-1.92402501274878,36.72038
16932.9,3.71131280236164,-1.92402501274878,36.72368
16934.9,3.622492659076874,0.0,36.73025
16936.9,3.6182071223863237,0.00048436472238428947,36.74012
16938.9,3.61484555729984,0.0,36.74341
16940.9,3.612618540934832,0.0,36.7467
16942.9,3.61049670031596,0.0021863920599418,36.75
16944.9,3.60860589293166,0.0021863920599418,36.75
16946.9,3.6070513607643706,0.00048434222711566007,36.75
16948.9,3.60539152037836,0.0,36.74341
16950.9,3.603920754391902,0.0,36.73683
16952.9,3.60244999933733,0.0,36.73355
16954.9,3.60142082487133,0.0017020416014457895,36.73025
16956.9,3.5999500641708133,0.0,36.73355
16958.9,3.598815580622388,0.0,36.73355
16960.9,3.5977230118848524,0.0017018806481999655,36.73355
16962.9,3.596735689681322,0.0,36.73025
16964.9,3.59593748345687,0.0021863920599418,36.72038
16966.9,3.5950758501787865,0.0,36.7138
16968.9,3.594382952342727,0.0,36.70723
16970.9,3.59347943385728,0.0004843117281048061,36.69736
16972.9,3.592428716670587,0.0,36.6875
16974.9,3.5919249030940557,0.0,36.6875
16976.9,3.5910213842577,0.0,36.67762
16978.9,3.59045414204241,0.0021863920599418,36.67762
16980.9,3.589844982903355,0.0,36.67433
16982.9,3.5891305768734,0.0,36.67433
16984.9,3.58856333465811,0.00048433005339417953,36.67105
16986.9,3.58818517318125,0.00048432599095130286,36.66506696031582
16988.9,3.5872397694891,0.0004843321391933121,36.6619065894556
16990.9,3.58686160801224,0.0021863920599418,36.66118
16992.9,3.58629436579695,0.0,36.65532655883512
16994.9,3.58591620432009,0.0021863920599418,36.6546
16996.9,3.5853489621048,0.0,36.64874656196407
16998.9,3.585117994574553,0.0,36.64802
17000.9,3.58440355841265,0.0,36.64473
17002.9,3.58383631619737,0.0,36.64015330081784
17004.9,3.58383631619737,0.0,36.63772183714381
17006.9,3.58307999324365,0.0,36.63157
17008.9,3.58289091250522,0.0004843687895341824,36.63486
17010.9,3.5822183987350162,0.0021863920599418,36.62828
17012.9,3.5820292827576297,0.0021863920599418,36.6217
17014.9,3.581798314164599,0.0017020517973215482,36.61512
17016.9,3.5418422357246455,0.896420744576136,36.61183
17018.9,3.5377860788352655,0.896420744576136,36.60525
17020.9,3.53543164715935,0.896420744576136,36.60196
17022.9,3.533059059506373,0.896420744576136,36.59868
17024.9,3.5312718709139,0.896420744576136,36.59538
17026.9,3.529277442589024,0.896420744576136,36.5921
17028.9,3.52805749836059,0.894234352516194,36.5888
17030.9,3.5264593842118384,0.896420744576136,36.58552
17032.9,3.524739512681989,0.8954324592950501,36.58223
17034.9,3.5236050217162633,0.896420744576136,36.58223
17036.9,3.5222996167141463,0.896420744576136,36.57565
17038.9,3.52106151103869,0.894234352516194,36.56907
17040.9,3.5194452632290707,0.894234352516194,36.5625
17042.9,3.518499837741032,0.894234352516194,36.55591
17044.9,3.517176275025114,0.896420744576136,36.55262
17046.9,3.5159381682222173,0.896420744576136,36.55262
17048.9,3.514718227010113,0.896420744576136,36.55591
17050.9,3.51368736223993,0.896420744576136,36.55591
17052.9,3.5126383380191477,0.894234352516194,36.55591
17054.9,3.5115220137551737,0.896420744576136,36.55262
17056.9,3.51066207042505,0.896420744576136,36.55262
17058.9,3.509442125632564,0.896420744576136,36.55262
17060.9,3.508667643533045,0.896420744576136,36.54605
17062.9,3.507807699638396,0.896420744576136,36.53946
17064.9,3.5067768318064485,0.896420744576136,36.53288
17066.9,3.5058314300034086,0.896420744576136,36.5296
17068.9,3.504696947873614,0.896420744576136,36.52679718013017
17070.9,3.50404424458001,0.894234352516194,36.52302
17072.9,3.5031842996652003,0.896420744576136,36.51973
17074.9,3.5023243550556176,0.896420744576136,36.52302
17076.9,3.50120803350357,0.896420744576136,36.52302
17078.9,3.50064079128828,0.894234352516194,36.51973
17080.9,3.4997808479586565,0.896420744576136,36.51643
17082.9,3.4988354448304557,0.896420744576136,36.51643
17084.9,3.4980972734466578,0.896420744576136,36.51643
17086.9,3.49742641873497,0.894234352516194,36.51643
17088.9,3.49667009578125,0.896420744576136,36.51315
17090.9,3.4958283107280312,0.894234352516194,36.51315
17092.9,3.4952610702498776,0.894234352516194,36.51315
17094.9,3.494297515291986,0.894234352516194,36.51315
17096.9,3.49364480396638,0.894234352516194,36.51315
17098.9,3.49307756175109,0.894234352516194,36.51315
17100.9,3.492217615099852,0.894234352516194,36.50986
17102.9,3.4915830729922153,0.894234352516194,36.50986
17104.9,3.490704971081889,0.896420744576136,36.50657
17106.9,3.4899668088572677,0.896420744576136,36.50657
17108.9,3.48948502772092,0.894234352516194,36.50328
17110.9,3.48853962402877,0.896420744576136,36.5
17112.9,3.4880578421760564,0.894234352516194,36.4967
17114.9,3.48721605885977,0.894234352516194,36.4967
17116.9,3.4867342768551084,0.894234352516194,36.49341
17118.9,3.485996116214942,0.894234352516194,36.49341
17120.9,3.48532525147547,0.894234352516194,36.49341
17122.9,3.48494708999861,0.894234352516194,36.49341
17124.9,3.484105306986212,0.894234352516194,36.49341
17126.9,3.483538063902574,0.894234352516194,36.49341
17128.9,3.483038119736978,0.894234352516194,36.49012
17130.9,3.4821963384166725,0.896420744576136,36.49012
17132.9,3.48154363670687,0.896420744576136,36.48683
17134.9,3.48097639449158,0.896420744576136,36.48025
17136.9,3.4804091522763,0.896420744576136,36.47696
17138.9,3.47984191006101,0.896420744576136,36.47368
17140.9,3.479360129077173,0.896420744576136,36.47368
17142.9,3.478621964398945,0.896420744576136,36.47368
17144.9,3.478054724636479,0.896420744576136,36.47038
17146.9,3.4772802423868834,0.896420744576136,36.47038
17148.9,3.476834778257966,0.896420744576136,36.47038
17150.9,3.4763348356778905,0.896420744576136,36.467592652059956
17152.9,3.47587121455398,0.896420744576136,36.4638
17154.9,3.4750294305208276,0.896420744576136,36.4638
17156.9,3.47454764938497,0.896420744576136,36.4638
17158.9,3.4740658661007293,0.896420744576136,36.45723
17160.9,3.47341316495439,0.896420744576136,36.4554215457249
17162.9,3.4727604622236314,0.896420744576136,36.45542153056742
17164.9,3.472175060864932,0.896420744576136,36.45393
17166.9,3.4718150555143903,0.896420744576136,36.45393
17168.9,3.4714187386277633,0.896420744576136,36.45393
17170.9,3.4706624143933786,0.896420744576136,36.45393
17172.9,3.4701133297366464,0.896420744576136,36.45393
17174.9,3.4696315501858,0.896420744576136,36.45723
17176.9,3.469271550457301,0.896420744576136,36.45723
17178.9,3.46868614649365,0.896420744576136,36.45723
17180.9,3.467826204597373,0.896420744576136,36.46052
17182.9,3.467448041992756,0.896420744576136,36.45723
17184.9,3.467069878474516,0.896420744576136,36.45393
17186.9,3.4665026395807534,0.896420744576136,36.45065
17188.9,3.4658499354172,0.896420744576136,36.45065
17190.9,3.46528269320192,0.896420744576136,36.44736
17192.9,3.4648009120667043,0.896420744576136,36.44407
17194.9,3.4644409020688633,0.894234352516194,36.44078
17196.9,3.4639409708869864,0.896420744576136,36.44078
17198.9,3.46339188581762,0.896420744576136,36.4375
17200.9,3.4626355628639,0.896420744576136,36.4375
17202.9,3.4623428670692267,0.896420744576136,36.4342
17204.9,3.4617937801106256,0.894234352516194,36.43091
17206.9,3.461397459795649,0.894234352516194,36.4342
17208.9,3.4609156733423956,0.894234352516194,36.4342
17210.9,3.4604520526296674,0.894234352516194,36.43091
17212.9,3.4598848127156687,0.894234352516194,36.42762
17214.9,3.4596957322811654,0.894234352516194,36.42762
17216.9,3.4589394113242875,0.894234352516194,36.42762
17218.9,3.458561246982421,0.894234352516194,36.42433
17220.9,3.4579940054833447,0.894234352516194,36.42105
17222.9,3.4575303829263,0.894234352516194,36.42433
17224.9,3.45715222144944,0.896420744576136,36.42433
17226.9,3.4564813602924134,0.896420744576136,36.42105
17228.9,3.456121356220326,0.896420744576136,36.42105
17230.9,3.4555359534308274,0.896420744576136,36.41775
17232.9,3.455365026559915,0.894234352516194,36.41446
17234.9,3.454761474808847,0.896420744576136,36.41775
17236.9,3.4542123907151243,0.896420744576136,36.41775
17238.9,3.4537487681577,0.896420744576136,36.41775
17240.9,3.45337060668084,0.896420744576136,36.41446
17242.9,3.452888824113591,0.896420744576136,36.41118
17244.9,3.45213250504539,0.896420744576136,36.41027579162079
17246.9,3.4520652032580896,0.896420744576136,36.40818141453732
17248.9,3.45147979929654,0.896420744576136,36.41118
17250.9,3.451016176738955,0.894234352516194,36.41446
17252.9,3.450930713616631,0.894234352516194,36.41118
17254.9,3.4504489359562176,0.894234352516194,36.41118
17256.9,3.44996715338911,0.894234352516194,36.40788
17258.9,3.44939991117382,0.894234352516194,36.40788
17260.9,3.449192673595568,0.894234352516194,36.40788
17262.9,3.4487290501696237,0.894234352516194,36.40788
17264.9,3.44807634600481,0.894234352516194,36.4046
17266.9,3.447612720841701,0.894234352516194,36.4046
17268.9,3.4474909455168223,0.894234352516194,36.4046
17270.9,3.4468382410483915,0.894234352516194,36.39802
17272.9,3.4465455412162935,0.894234352516194,36.39802
17274.9,3.44599645788208,0.894234352516194,36.39802
17276.9,3.4456001360922923,0.894234352516194,36.39802
17278.9,3.4451546736953342,0.894234352516194,36.4013
17280.9,3.44467289271307,0.896420744576136,36.4013
17282.9,3.444209271587967,0.896420744576136,36.40788
17284.9,3.444002035486575,0.896420744576136,36.41118
17286.9,3.44334932754407,0.894234352516194,36.41118
17288.9,3.442763928793409,0.896420744576136,36.41118
17290.9,3.442678464955408,0.896420744576136,36.4046
17292.9,3.4423003077760588,0.896420744576136,36.4046
17294.9,3.44183668163663,0.896420744576136,36.4013
17296.9,3.44156213593113,0.896420744576136,36.39802
17298.9,3.4409094408179706,0.896420744576136,36.39802
17300.9,3.440616737557097,0.896420744576136,36.39473
17302.9,3.4400313321639855,0.896420744576136,36.39802
17304.9,3.439860415471798,0.896420744576136,36.39802
17306.9,3.439482253278806,0.896420744576136,36.4013
17308.9,3.43900047056018,0.896420744576136,36.396216953016115
17310.9,3.4389150114749967,0.896420744576136,36.39292150560468
17312.9,3.568586898697879,-1.91309305244907,36.38815
17314.9,3.578252751547573,-1.91309305244907,36.38588917903437
17316.9,3.5851485122735336,-1.91309305244907,36.38486
17318.9,3.591009660059506,-1.91309305244907,36.38486
17320.9,3.5961265641953,-1.91309305244907,36.38815
17322.9,3.6003751971033506,-1.91309305244907,36.39143
17324.9,3.604913136506001,-1.91309305244907,36.39143
17326.9,3.6086947488496866,-1.91309305244907,36.39143
17328.9,3.61257658843869,-1.91309305244907,36.39143
17330.9,3.6162579783869866,-1.91309305244907,36.39473
17332.9,3.6195839414935143,-1.91309305244907,36.4013
17334.9,3.6227755840705047,-1.91309305244907,36.4013
17336.9,3.6260901737111233,-1.91309305244907,36.4013
17338.9,3.62882578621921,-1.91309305244907,36.4013
17340.9,3.6319514983409613,-1.91309305244907,36.40788
17342.9,3.6346876541723336,-1.91309305244907,36.41118
17344.9,3.63753524591141,-1.91309305244907,36.41446
17346.9,3.63980421477257,-1.91309305244907,36.41775
17348.9,3.6426286967889423,-1.91309305244907,36.42105
17350.9,3.645009801706153,-1.91309305244907,36.42433
17352.9,3.6473560722376304,-1.91309305244907,36.42762
17354.9,3.6495248222532974,-1.91309305244907,36.42762
17356.9,3.6516160772174806,-1.91309305244907,36.42762
17358.9,3.6536958114855684,-1.91309305244907,36.42762
17360.9,3.6559647630517453,-1.91309305244907,36.42762
17362.9,3.658133674327789,-1.91309305244907,36.42762
17364.9,3.66003585378455,-1.91309305244907,36.43091
17366.9,3.66192666116885,-1.91309305244907,36.4342
17368.9,3.6639948421462583,-1.91309305244907,36.43091
17370.9,3.6656080518611707,-1.91309305244907,36.43303386869745
17372.9,3.6676879384945242,-1.91309305244907,36.4342
17374.9,3.66911172922918,-1.91309305244907,36.43575077871764
17376.9,3.67100253661348,-1.91309305244907,36.43904140588861
17378.9,3.6727929702795543,-1.91309305244907,36.44736
17380.9,3.67478415138207,-1.91527944450901,36.45219136217667
17382.9,3.67591863581265,-1.9142519782379421,36.45723
17384.9,3.6777092192158958,-1.91309305244907,36.46052
17386.9,3.67913300836596,-1.91309305244907,36.4638
17388.9,3.680545251902407,-1.91309305244907,36.4638
17390.9,3.6820580737749613,-1.91309305244907,36.47038
17392.9,3.68348186534984,-1.91309305244907,36.47038
17394.9,3.68490565692466,-1.91309305244907,36.47368
17396.9,3.68631807642629,-1.91309305244907,36.48025
17398.9,3.68745256085686,-1.91309305244907,36.48355
17400.9,3.68877612602587,-1.91309305244907,36.48683
17402.9,3.690277403220169,-1.91309305244907,36.48683
17404.9,3.69161233710232,-1.91309305244907,36.49012
17406.9,3.69293590227133,-1.91309305244907,36.49341
17408.9,3.69388130596348,-1.91309305244907,36.4967
17410.9,3.69539395187091,-1.91309305244907,36.5
17412.9,3.6964282098956796,-1.91309305244907,36.50328
17414.9,3.6975626965600323,-1.91309305244907,36.50657
17416.9,3.698897630728794,-1.91309305244907,36.51315
17418.9,3.6997428088548,-1.91309305244907,36.51643
17420.9,3.70106637402381,-1.91309305244907,36.51973
17422.9,3.7021120041219286,-1.91309305244907,36.52302
17424.9,3.7028683230667103,-1.91309305244907,36.5296
17426.9,3.70409166583868,-1.91309305244907,36.53618
17428.9,3.705025342351187,-1.91309305244907,36.53946
17430.9,3.705971102829018,-1.91309305244907,36.54275
17432.9,3.7068390224875873,-1.91309305244907,36.55262
17434.9,3.7080509956099643,-1.91309305244907,36.5592
17436.9,3.70900776503786,-1.91309305244907,36.5625
17438.9,3.70957500725314,-1.91309305244907,36.56578
17440.9,3.710620638936617,-1.91309305244907,36.56907
17442.9,3.711643523301696,-1.91309305244907,36.57236
17444.9,3.712310995092282,-1.91309305244907,36.57236
17446.9,3.7130786862064076,-1.91309305244907,36.57565
17448.9,3.713823480308655,-1.91309305244907,36.577475320025556
17450.9,3.714769040777779,-1.91309305244907,36.58223
17452.9,3.627907924617327,9.132883948599667e-05,36.588662989534676
17454.9,3.6231730034847422,0.0,36.5921
17456.9,3.619942840705338,0.0,36.5921
17458.9,3.617122422759616,0.0,36.5921
17460.9,3.61503463803827,9.131052242150606e-05,36.5921
17462.9,3.6131517471567056,0.0,36.59538
17464.9,3.61125302326968,0.0,36.59538
17466.9,3.6099373536438346,0.0,36.5921
17468.9,3.60860589293166,0.0,36.59538
17470.9,3.606920995298894,0.0,36.59538
17472.9,3.60576968185522,0.0,36.5921
17474.9,3.60463519742464,0.0,36.5888
17476.9,3.6038630814062556,0.0,36.5888
17478.9,3.6025473886556494,0.0,36.58223
17480.9,3.60160155590944,0.0,36.57893
17482.9,3.60047542117918,0.0,36.57565
17484.9,3.5997274403708652,0.0,36.56907
17486.9,3.5987815880950964,0.0,36.5625
17488.9,3.5980173715796,0.0,36.5592
17490.9,3.5970803310452353,0.0,36.5592
17492.9,3.5965126381269203,0.0,36.5592
17494.9,3.5955676534083105,0.0,36.55591
17496.9,3.59518116050315,0.0,36.54933
17498.9,3.5944169215628863,0.0,36.54605
17500.9,3.59366013475134,0.0,36.53946
17502.9,3.5931091870291967,0.0,36.53288
17504.9,3.59253403016513,0.0,36.5296
17506.9,3.59196678794984,0.0,36.5263
17508.9,3.59139954573455,0.0,36.52302
17510.9,3.5908406530105967,0.0,36.51973
17512.9,3.59026506130398,0.0,36.51643
17514.9,3.589878553218092,0.0,36.50986
17516.9,3.5893275557294277,0.0,36.50986
17518.9,3.589122659814648,0.0,36.50657
17520.9,3.58837425391968,0.0,36.50328
17522.9,3.58799609244282,0.0,36.50013726035369
17524.9,3.587798612366634,0.0,36.496846592481205
17526.9,3.587255559650748,0.0,36.4967
17528.9,3.586869525071107,0.0,36.490775146112
17530.9,3.58667252727381,0.0,36.49012
17532.9,3.58629436579695,0.0020948214606930833,36.48355
17534.9,3.585907862243663,0.0,36.47972426551786
17536.9,3.58553804284323,0.0021863920599418,36.47696
17538.9,3.5851757229098515,0.0,36.47368
17540.9,3.584987626623587,0.0,36.47368
17542.9,3.58459263915108,0.0,36.4671
17544.9,3.58440355841265,9.62162476266285e-05,36.46052
17546.9,3.583852112301074,0.0,36.45393
17548.9,3.58364723545894,0.0,36.45065
17550.9,3.58364723545894,0.0,36.44078
17552.9,3.6277650365594383,-0.9886076092042255,36.4375
17554.9,3.631326372836884,-0.990435603153633,36.4342
17556.9,3.6334063970134776,-0.990435603153633,36.43091
17558.9,3.63513932805345,-0.990435603153633,36.42762
17560.9,3.63715708443455,-0.990435603153633,36.42433
17562.9,3.638322484212572,-0.988249211093691,36.42433
17564.9,3.639772949040855,-0.990435603153633,36.42105
17566.9,3.64093869920315,-0.990435603153633,36.41775
17568.9,3.64207318363373,-0.990435603153633,36.41775
17570.9,3.643238546009624,-0.990435603153633,36.41446
17572.9,3.644404000692618,-0.990435603153633,36.41118
17574.9,3.6456347737313006,-0.990435603153633,36.40788
17576.9,3.6465801365958694,-0.990435603153633,36.4046
17578.9,3.64736744430976,-0.990435603153633,36.4046
17580.9,3.6483438453869343,-0.9900771719508628,36.4046
17582.9,3.6489110786882644,-0.990435603153633,36.39802
17584.9,3.65020365538621,-0.990435603153633,36.39473
17586.9,3.6509290514812913,-0.990435603153633,36.39473
17588.9,3.6516853649674226,-0.990435603153633,36.39802
17590.9,3.65247262424736,-0.990435603153633,36.39802
17592.9,3.6530708771758524,-0.990435603153633,36.39473
17594.9,3.65360710867794,-0.990435603153633,36.39143
17596.9,3.6543943416511664,-0.990435603153633,36.38815
17598.9,3.6549924510878147,-0.990435603153633,36.38486
17600.9,3.655718229403926,-0.990435603153633,36.38486
17602.9,3.65663240049282,-0.990435603153633,36.38815
17604.9,3.65719964270811,-0.990435603153633,36.390509165299626
17606.9,3.65757780418497,-0.990435603153633,36.39143
17608.9,3.658175893667764,-0.990435603153633,36.38913701281416
17610.9,3.658554460524937,-0.990435603153633,36.38815
17612.9,3.65927953083083,-0.990435603153633,36.38815
17614.9,3.6600050653328124,-0.990435603153633,36.38761428172929
17616.9,3.66041401526141,-0.990435603153633,36.38815
17618.9,3.660950370700879,-0.988249211093691,36.38539742910724
17620.9,3.6613906610971707,-0.990435603153633,36.38815
17622.9,3.66192666116885,-0.990435603153633,36.384320996446036
17624.9,3.66230482264571,-0.990435603153633,36.38157
17626.9,3.66268298412257,-0.990435603153633,36.37828
17628.9,3.66309218684031,-0.990435603153633,36.37828
17630.9,3.66343930707629,-0.990435603153633,36.37828
17632.9,3.6643537802259236,-0.990435603153633,36.37828
17634.9,3.6644155139750745,-0.990435603153633,36.375
17636.9,3.66514103372216,-0.990435603153633,36.375
17638.9,3.6652679867248237,-0.990435603153633,36.375
17640.9,3.6658665012671077,-0.990435603153633,36.375
17642.9,3.6660864374143,-0.990435603153633,36.3717
17644.9,3.6663068436153465,-0.990435603153633,36.36841
17646.9,3.667000526161807,-0.990435603153633,36.36841
17648.9,3.66703184110645,-0.990435603153633,36.36512
17650.9,3.6679145949426784,-0.990435603153633,36.36183
17652.9,3.6676930423260288,-0.990435603153633,36.36183
17654.9,3.668386696054398,-0.990435603153633,36.35855
17656.9,3.6686071358192582,-0.990435603153633,36.35855
17658.9,3.669143055751327,-0.9886114481986279,36.35855
17660.9,3.66911172922918,-0.990435603153633,36.35855
17662.9,3.669836729365068,-0.990435603153633,36.36512
17664.9,3.6700262478910237,-0.990435603153633,36.36183
17666.9,3.67024621365976,-0.990435603153633,36.35855
17668.9,3.67081345587505,-0.9886114176157075,36.36183
17670.9,3.6709712119388866,-0.9886114268348576,36.36183
17672.9,3.6712229359796575,-0.990435603153633,36.35855
17674.9,3.6714115472157625,-0.990435603153633,36.35855
17676.9,3.6717588595672,-0.990435603153633,36.35525
17678.9,3.67213702104406,-0.990435603153633,36.35196
17680.9,3.6723574246002126,-0.990435603153633,36.35196
17682.9,3.67270426325934,-0.990435603153633,36.35196
17684.9,3.672924668672345,-0.990435603153633,36.34868
17686.9,3.673491870234555,-0.990435603153633,36.34868
17688.9,3.673820275216946,-0.990435603153633,36.35525
17690.9,3.5488597709842007,1.65072600525606,36.35196
17692.9,3.5414957899236574,1.65072600525606,36.34538
17694.9,3.53694429306679,1.65072600525606,36.34538
17696.9,3.5325988227255922,1.65072600525606,36.34868
17698.9,3.52881382131431,1.65072600525606,36.35196
17700.9,3.5252246723704683,1.6528732546411231,36.35196
17702.9,3.522388462906837,1.65072600525606,36.35525
17704.9,3.5191740903253526,1.65072600525606,36.35525
17706.9,3.51633449257795,1.65072600525606,36.35525
17708.9,3.513690748882402,1.65072600525606,36.35855
17710.9,3.51122931264034,1.65072600525606,36.35855
17712.9,3.508775284460506,1.65072600525606,36.36183
17714.9,3.50631321344117,1.65072600525606,36.35855
17716.9,3.5038585457017404,1.65072600525606,36.35855
17718.9,3.501589580038497,1.65072600525606,36.35855
17720.9,3.4995097728369213,1.65072600525606,36.36512
17722.9,3.4972441052268004,1.65072600525606,36.36841
17724.9,3.495349917226768,1.65072600525606,36.36841
17726.9,3.4932700276042277,1.65072600525606,36.36841
17728.9,3.491568300958566,1.65072600525606,36.36841
17730.9,3.489488409695211,1.65072600525606,36.3717
17732.9,3.48759422033663,1.65072600525606,36.375
17734.9,3.485895880333782,1.652912397316,36.38157
17736.9,3.4841975511478194,1.65072600525606,36.38486
17738.9,3.4823067235520475,1.6528732909567274,36.38486
17740.9,3.48079070039639,1.65072600525606,36.39143
17742.9,3.479088972165577,1.6528732549653697,36.39473
17744.9,3.477576954492746,1.65072600525606,36.39802
17746.9,3.4760636879346567,1.6528731672699781,36.39802
17748.9,3.4743623528452483,1.65072600525606,36.39802
17750.9,3.473220700685574,1.65072600525606,36.4013
17752.9,3.471340053173808,1.65072600525606,36.4013
17754.9,3.46982401442669,1.6507651296162413,36.4046
17756.9,3.46850045527963,1.652912397316,36.4046
17758.9,3.4669911806839213,1.6507650939506056,36.40782135959398
17760.9,3.4658533189475884,1.6507651299391812,36.41118
17762.9,3.464712064286732,1.6507651665890823,36.41118
17764.9,3.463199359287351,1.65072600525606,36.41440022554954
17766.9,3.46187923991018,1.65072600525606,36.41775
17768.9,3.4605590624919347,1.65072600525606,36.42433
17770.9,3.4592354962442227,1.65072600525606,36.42762
17772.9,3.45790854440316,1.65072600525606,36.43091
17774.9,3.456581591091031,1.65072600525606,36.4375
17776.9,3.455639575542,1.65072600525606,36.44078
17778.9,3.454130316334896,1.65072600525606,36.44407
17780.9,3.452806747967912,1.65072600525606,36.44736
17782.9,3.4516653658638465,1.65072600525606,36.45065
17784.9,3.450531008932117,1.65072600525606,36.45393
17786.9,3.4492074438203137,1.65072600525606,36.45393
17788.9,3.4478906519100625,1.6528732366330108,36.45723
17790.9,3.446749395777061,1.65072600525606,36.46052
17792.9,3.445432602338745,1.652912397316,36.4638
17794.9,3.444298117908603,1.65072600525606,36.4671
17796.9,3.44316024680564,1.65072600525606,36.47038
17798.9,3.441844510254222,1.65072600525606,36.47038
17800.9,3.4408946646163368,1.65072600525606,36.47696
17802.9,3.4397534067281916,1.65072600525606,36.48025
17804.9,3.438443392945935,1.65072600525606,36.48355
17806.9,3.4374844364527237,1.65072600525606,36.48683
17808.9,3.43635334022217,1.65072600525606,36.48683
17810.9,3.43521885579159,1.6528732003145385,36.49012
17812.9,3.43408437136101,1.652912397316,36.49341
17814.9,3.433324658565402,1.65072600525606,36.5
17816.9,3.432007879351019,1.65072600525606,36.50328
17818.9,3.4312367609152115,1.65072600525606,36.50986
17820.9,3.4299279849570095,1.65072600525606,36.51973
17822.9,3.42879011068498,1.65072600525606,36.5296
17824.9,3.42727746477754,1.65072600525606,36.5296
17826.9,3.42671022256225,1.65072600525606,36.53288
17828.9,3.42557573813167,1.65072600525606,36.5296
17830.9,3.424626949266641,1.65072600525606,36.53288
17832.9,3.423681540933785,1.65072600525606,36.53288
17834.9,3.422543675914505,1.65072600525606,36.53618
17836.9,3.42141596188622,1.65072600525606,36.54275
17838.9,3.4206596389325,1.65072600525606,36.54275
17840.9,3.419528541287972,1.65072600525606,36.54605
17842.9,3.418576362524012,1.65072600525606,36.54933
17844.9,3.4176377369309985,1.65072600525606,36.54605
17846.9,3.416682145131623,1.65072600525606,36.55262
17848.9,3.41574353973332,1.65072600525606,36.55591
17850.9,3.41460905530274,1.65072600525606,36.5625
17852.9,3.4136670399249747,1.65072600525606,36.56907
17854.9,3.41290732865688,1.65072600525606,36.57565
17856.9,3.4121476081157205,1.65072600525606,36.58223
17858.9,3.4108312450043776,1.65072600525606,36.5921
17860.9,3.41007111758043,1.65072600525606,36.59868
17862.9,3.408940023020696,1.65072600525606,36.60525
17864.9,3.4083727792203296,1.65072600525606,36.60855
17866.9,3.407241702249919,1.65072600525606,36.61183
17868.9,3.4064747543582947,1.65072600525606,36.61512
17870.9,3.40572226059655,1.65072600525606,36.61841
17872.9,3.4049693274853783,1.65072600525606,36.61841
17874.9,3.404027313691955,1.6507652032532105,36.625
17876.9,3.403267599283266,1.65072600525606,36.63157
17878.9,3.402693577354916,1.65072600525606,36.63486
17880.9,3.40137340361266,1.65072600525606,36.64143
17882.9,3.40061708065894,1.65072600525606,36.64473
17884.9,3.3998675373898957,1.65072600525606,36.64802
17886.9,3.39929351548994,1.65072600525606,36.6546
17888.9,3.39815903105936,1.65072600525606,36.66118
17890.9,3.39759178884407,1.65072600525606,36.66446
17892.9,3.396838855761528,1.65072600525606,36.67105
17894.9,3.3958900621982,1.65072600525606,36.67105
17896.9,3.3955085093792032,1.65072600525606,36.67433
17898.9,3.39456649702919,1.65072600525606,36.67433
17900.9,3.39381017407547,1.65072600525606,36.68089915443743
17902.9,3.39286477038332,1.65072600525606,36.687470405189195
17904.9,3.39229752816803,1.65072600525606,36.6875
17906.9,3.39154120521432,1.65072600525606,36.69401101731329
17908.9,3.390788272074749,1.65072600525606,36.69407
17910.9,3.468027082217032,0.0,36.70065
17912.9,3.472689240051923,0.0,36.70393
17914.9,3.47587121455398,0.0021863920599418,36.70393
17916.9,3.47870742563043,0.00037490026853098164,36.70723
17918.9,3.4808197509251366,0.0,36.70723
17920.9,3.482775367178555,0.0021863920599418,36.7110823118418
17922.9,3.484444665528182,0.00037475261596278805,36.71052
17924.9,3.485924928230468,0.0,36.70995563984082
17926.9,3.4876266645699494,0.0,36.70393
17928.9,3.489074420154509,0.0021863920599418,36.70065
17930.9,3.490398019507678,0.0003747876869166571,36.69359859957832
17932.9,3.491408270367767,0.0021863920599418,36.6842
17934.9,3.493045123313193,0.0,36.68091
17936.9,3.49383388470481,0.0021863920599418,36.68091
17938.9,3.49496836913539,0.001811212238280431,36.68091
17940.9,3.49591377282753,0.0021863920599418,36.68091
17942.9,3.497015860426724,0.0018117786778616889,36.68091
17944.9,3.49780458021183,0.0021863920599418,36.68091
17946.9,3.49874998390398,0.0018112405331939501,36.67762
17948.9,3.4993496430510693,0.0,36.67433
17950.9,3.50045171054985,0.00037472745919096915,36.67433
17952.9,3.50101895276514,0.0018113557511914456,36.66775
17954.9,3.5016510590859466,0.0021863920599418,36.66118
17956.9,3.502753099373877,0.0021863920599418,36.6546
17958.9,3.5034445772820155,0.0021863920599418,36.64802
17960.9,3.5040118502920783,0.0,36.64473
17962.9,3.5046439077097795,0.0,36.63815
17964.9,3.5054002296662974,0.0,36.63486
17966.9,3.50593505196431,0.0,36.63486
17968.9,3.5066589472092713,0.0021863920599418,36.62828
17970.9,3.50706953639489,0.0018117316358859702,36.62828
17972.9,3.50763677861018,0.0003747494660794569,36.63486
17974.9,3.5080473701497636,0.0,36.63486
17976.9,3.5086145956563835,0.00037480443818085544,36.63486
17978.9,3.5093060607518836,0.0,36.62261125018402
17980.9,3.509559993189363,0.0,36.616934648404786
17982.9,3.50990574747134,0.0003751243056875548,36.611267242869104
17984.9,3.5106296470679705,0.0,36.60855
17986.9,3.5108835705843746,0.0,36.60855
17988.9,3.5114508410521714,0.0018111907777948097,36.60525
17990.9,3.5120180236292273,0.0,36.60196
17992.9,3.51236379707092,0.0021863920599418,36.60139728773537
17994.9,3.512396240262637,0.0021863920599418,36.59538
17996.9,3.5130876897823513,0.0018113923384987043,36.595004381461585
17998.9,3.5133416334514687,0.0021863920599418,36.58552
18000.9,3.51368736223993,0.0,36.57893
18002.9,3.5142869807202683,0.0,36.57236
18004.9,3.5144761105439892,0.0,36.56907
18006.9,3.5148542835626544,0.0,36.56578
18008.9,3.51520000814737,0.0,36.55591
18010.9,3.51542149789229,0.0,36.55262
18012.9,3.51595633110109,0.0,36.54605
18014.9,3.5161778395432712,0.0,36.54275
18016.9,3.51633449257795,0.0,36.53946
18018.9,3.51671265405481,0.0,36.53288
18020.9,3.5169341361465287,0.0,36.5296
18022.9,3.517593180158042,0.0,36.5296
18024.9,3.51765805774695,0.0,36.5263
18026.9,3.517879552291499,0.0,36.5263
18028.9,3.51822529996224,0.0,36.52302
18030.9,3.5184467844984284,0.0,36.51643
18032.9,3.5185711429126276,0.0,36.50986
18034.9,3.518668291585731,0.0,36.50328
18036.9,3.51898162291596,0.0,36.4967
18038.9,3.51917070365439,0.0,36.49012
18040.9,3.5197055147663896,0.0,36.48683
18042.9,3.519705666870771,0.0,36.48025
18044.9,3.520051316557238,0.0,36.47696
18046.9,3.5204618230073286,0.0003751798053354693,36.47368
18048.9,3.5204618219661183,0.0,36.47038
18050.9,3.520650906099201,0.0,36.47038
18052.9,3.52068334956183,0.0,36.4671
18054.9,3.52106151103869,0.0,36.4671
18056.9,3.5213747935607937,0.0,36.4638
18058.9,3.52143967251555,0.0,36.459955471200956
18060.9,3.52162875325398,0.0,36.45723
18062.9,3.52200691473084,0.0,36.454496153036644
18064.9,3.52200691473084,0.000375140014555933,36.45336721930285
18066.9,3.52219599546927,0.0021863920599418,36.45065
18068.9,3.5223850762077,0.0,36.44736
18070.9,3.5223850762077,0.0,36.44736
18072.9,3.52276323768456,0.0,36.44726563049429
18074.9,3.5227307953097333,0.0,36.44407
18076.9,3.52276323768456,0.0,36.4375
18078.9,3.52295231842299,0.0018112368663551958,36.4375
18080.9,3.523173841310862,0.0,36.4342
18082.9,3.5234871203450866,0.0,36.42433
18084.9,3.52351956063828,0.0,36.42105
18086.9,3.5237410824384754,0.0021863920599418,36.41775
18088.9,3.5237410837514265,0.0,36.41446
18090.9,3.5238652810067097,0.0,36.41446
18092.9,3.5241192428747774,0.0,36.4046
18094.9,3.5246216181774814,0.0,36.39473
18096.9,3.5244325251253703,0.0021863920599418,36.39143
18098.9,3.524621602422365,0.001811248905279572,36.39143
18100.9,3.524497402269122,0.000375088717045139,36.38486
18102.9,3.52484312580729,0.0,36.38486
18104.9,3.5249080110998383,0.0,36.38157
18106.9,3.52503220654571,0.0,36.37828
18108.9,3.525188845950589,0.0,36.3717
18110.9,3.52522128728414,0.0003751279702231039,36.36841
18112.9,3.52541036802257,0.0003751311176612139,36.36512
18114.9,3.525253729386403,0.0021863920599418,36.35855
18116.9,3.525631891407495,0.0,36.35525
18118.9,3.4586411363724556,1.710355658563105,36.35855
18120.9,3.441296079678074,1.75130004001338,36.35855
18122.9,3.435461216597433,1.75130004001338,36.35242353590335
18124.9,3.431274829334219,1.75130004001338,36.349142630321886
18126.9,3.4274932819274007,1.75130004001338,36.34868
18128.9,3.4242254758926416,1.75130004001338,36.34538
18130.9,3.4208757411328277,1.75130004001338,36.34538
18132.9,3.41820158933291,1.75130004001338,36.3421
18134.9,3.415581108366612,1.75130004001338,36.34868
18136.9,3.412933992745394,1.75130004001338,36.34868
18138.9,3.41063835979572,1.75130004001338,36.34868
18140.9,3.408423390492678,1.75130004001338,36.35525
18142.9,3.4061270634687815,1.75130004001338,36.35855
18144.9,3.4039938749050447,1.75130004001338,36.36183
18146.9,3.401993955843159,1.75130004001338,36.36512
18148.9,3.40042799992051,1.75130004001338,36.36841
18150.9,3.398483224606491,1.75130004001338,36.3717
18152.9,3.396321506019516,1.75130004001338,36.37828
18154.9,3.394593140455637,1.75130004001338,36.38486
18156.9,3.393269735995389,1.75130004001338,36.38815
18158.9,3.39191936669118,1.75130004001338,36.39473
18160.9,3.390379651231844,1.75130004001338,36.39802
18162.9,3.38870499413787,1.75130004001338,36.4013
18164.9,3.3872456291913746,1.75130004001338,36.4046
18166.9,3.385895421042651,1.75130004001338,36.41118
18168.9,3.38492337936927,1.75130004001338,36.41775
18170.9,3.38359981420027,1.75130004001338,36.42762
18172.9,3.382302889288433,1.75130004001338,36.4342
18174.9,3.3811684897642538,1.75130004001338,36.4375
18176.9,3.3800341205328257,1.75130004001338,36.4375
18178.9,3.37906187647795,1.75130004001338,36.4375
18180.9,3.3781164727858,1.75130004001338,36.44078
18182.9,3.376955346066652,1.75130004001338,36.44078
18184.9,3.376063227175104,1.75130004001338,36.44407
18186.9,3.3747398166116587,1.75130004001338,36.45393
18188.9,3.3739833397438375,1.75130004001338,36.46052
18190.9,3.3730647167471512,1.75130004001338,36.47038
18192.9,3.37206588915605,1.75130004001338,36.47696
18194.9,3.3709846911330743,1.75130004001338,36.48355
18196.9,3.3700126462685907,1.75130004001338,36.49012
18198.9,3.369256321506497,1.75130004001338,36.5
18200.9,3.3683109132839273,1.75130004001338,36.50328
18202.9,3.36752795143374,1.75130004001338,36.50610645631582
18204.9,3.3662843111223135,1.75130004001338,36.50986
18206.9,3.3658528682153075,1.75130004001338,36.51926499594261
18208.9,3.36506990183415,1.75130004001338,36.5263
18210.9,3.3639620592462767,1.75130004001338,36.5357150236007
18212.9,3.3632057381003437,1.75130004001338,36.54275
18214.9,3.36242277149614,1.75130004001338,36.54275
18216.9,3.361314932769137,1.75130004001338,36.54933
18218.9,3.36072104485027,1.75130004001338,36.55262
18220.9,3.35996472189655,1.75130004001338,36.55591
18222.9,3.3590193182044,1.75130004001338,36.5625
18224.9,3.358236351376652,1.75130004001338,36.56907
18226.9,3.3571285108201,1.75130004001338,36.57565
18228.9,3.35675034934324,1.75130004001338,36.58223
18230.9,3.3554800651375336,1.75130004001338,36.58552
18232.9,3.35467046122052,1.75130004001338,36.5921
18234.9,3.3542656549546694,1.75130004001338,36.59868
18236.9,3.3533202526241843,1.75130004001338,36.60196
18238.9,3.35240149235936,1.75130004001338,36.60855
18240.9,3.35145608866721,1.75130004001338,36.61841
18242.9,3.350862204162539,1.75130004001338,36.625
18244.9,3.34975436202134,1.75130004001338,36.63486
18246.9,3.3492137616488495,1.75130004001338,36.63815
18248.9,3.348268361126194,1.75130004001338,36.64143
18250.9,3.34748539316019,1.75130004001338,36.64802
18252.9,3.34653998946804,1.75130004001338,36.6546
18254.9,3.34578366651432,1.75130004001338,36.66118
18256.9,3.3450273435606,1.75130004001338,36.66446
18258.9,3.344108583519621,1.75130004001338,36.66446
18260.9,3.34351469765316,1.75130004001338,36.67105
18262.9,3.34256929396101,1.75130004001338,36.67433
18264.9,3.341650533696848,1.75130004001338,36.68091
18266.9,3.3408942121041463,1.75130004001338,36.69078
18268.9,3.3401378864280615,1.75130004001338,36.69736
18270.9,3.339408201924477,1.75130004001338,36.70393
18272.9,3.338651883033601,1.75130004001338,36.70723
18274.9,3.33784227550027,1.75130004001338,36.71356818599066
18276.9,3.337248391218553,1.75130004001338,36.7138
18278.9,3.3365453521747215,1.75130004001338,36.719993928675706
18280.9,3.33557330663911,1.75130004001338,36.72321505125165
18282.9,3.33481698368539,1.75130004001338,36.72696
18284.9,3.334223098041782,1.75130004001338,36.73025
18286.9,3.3333309800679745,1.75130004001338,36.74012
18288.9,3.33254801482424,1.75130004001338,36.7467
18290.9,3.3316292525287823,1.75130004001338,36.74623644038073
18292.9,3.33122444965523,1.75130004001338,36.75
18294.9,3.33046812670151,1.75130004001338,36.75328
18296.9,3.329549361683564,1.75130004001338,36.75657
18298.9,3.3289288371423487,1.75130004001338,36.76315
18300.9,3.328036720306821,1.75130004001338,36.76973
18302.9,3.32760527650414,1.75130004001338,36.7763
18304.9,3.32649743119448,1.75130004001338,36.7796
18306.9,3.32593018897919,1.75130004001338,36.78618
18308.9,3.3248223452544385,1.75130004001338,36.79275
18310.9,3.324390903036088,1.75130004001338,36.80262
18312.9,3.32328305864118,1.75130004001338,36.8125
18314.9,3.32252673568746,1.75130004001338,36.81907
18316.9,3.32195949347217,1.75130004001338,36.82236
18318.9,3.32139225125688,1.75130004001338,36.82565
18320.9,3.32063592830316,1.75130004001338,36.82893
18322.9,3.31987960534944,1.75130004001338,36.8388
18324.9,3.3187718150951278,1.75130004001338,36.84868
18326.9,3.318204522132117,1.75130004001338,36.85525
18328.9,3.4907676166503903,-1.87811077949,36.85525
18330.9,3.5066409483915675,-1.87811077949,36.86183
18332.9,3.51678198216381,-1.87811077949,36.86512
18334.9,3.5245941698370857,-1.87811077949,36.86512
18336.9,3.5311513250481648,-1.879600219216533,36.86512
18338.9,3.536506255855906,-1.88029717154994,36.85855
18340.9,3.5412332416028,-1.88029717154994,36.85196
18342.9,3.5452638455577,-1.88029717154994,36.85196
18344.9,3.54904546032629,-1.88029717154994,36.85855
18346.9,3.552199955059339,-1.87811077949,36.86183
18348.9,3.555543536710309,-1.88029717154994,36.86512
18350.9,3.55831041650935,-1.87811077949,36.86183
18352.9,3.5612068139300663,-1.88029717154994,36.86407275915315
18354.9,3.5638536363251605,-1.88029717154994,36.86736811735199
18356.9,3.56613205172416,-1.88029717154994,36.86512
18358.9,3.5682718182480637,-1.87811077949,36.86183
18360.9,3.571048149919847,-1.87811077949,36.85855
18362.9,3.5733769955974153,-1.87811077949,36.85855
18364.9,3.5754568868898318,-1.88029717154994,36.86512
18366.9,3.577725856833586,-1.88029717154994,36.86183
18368.9,3.579925496926085,-1.88029717154994,36.86841
18370.9,3.58194550881307,-1.88029717154994,36.86841
18372.9,3.5840941427802653,-1.878806512061355,36.86183
18374.9,3.5858563270012955,-1.87811077949,36.86183
18376.9,3.5876778078622267,-1.87811077949,36.86183
18378.9,3.5898270224291746,-1.87811077949,36.86183
18380.9,3.591846745576014,-1.88029717154994,36.86183
18382.9,3.593797388084698,-1.88029717154994,36.86841
18384.9,3.59555932198001,-1.88029717154994,36.8717
18386.9,3.59763921010274,-1.88029717154994,36.875
18388.9,3.5993409367486,-1.88029717154994,36.87828
18390.9,3.6012317441329,-1.88029717154994,36.88157
18392.9,3.6032517512651894,-1.88029717154994,36.88157
18394.9,3.6050133589015,-1.87811077949,36.88157
18396.9,3.60671508554736,-1.87811077949,36.87828
18398.9,3.6085457961672653,-1.87811077949,36.87828
18400.9,3.6101185388391,-1.87811077949,36.88157
18402.9,3.6120093462234,-1.87811077949,36.87828
18404.9,3.61359132039694,-1.87811077949,36.88486
18406.9,3.615352900107159,-1.87811077949,36.88815
18408.9,3.6173634842186297,-1.87811077949,36.88815
18410.9,3.61881625280687,-1.87811077949,36.88815
18412.9,3.62070706019117,-1.87811077949,36.88486
18414.9,3.62203062536017,-1.87811077949,36.88381814629082
18416.9,3.62354327126761,-1.87811077949,36.88486
18418.9,3.6255034090834917,-1.87811077949,36.88815
18420.9,3.62707592681638,-1.87811077949,36.88486
18422.9,3.62864845120521,-1.88029717154994,36.88486
18424.9,3.630479381772001,-1.88029717154994,36.88157
18426.9,3.63174303212961,-1.88029717154994,36.88486
18428.9,3.63318638892753,-1.87811077949,36.88486
18430.9,3.634828238676473,-1.87811077949,36.88486
18432.9,3.63634088416141,-1.87811077949,36.88486
18434.9,3.637853530570541,-1.87811077949,36.88815
18436.9,3.6393661458509223,-1.87811077949,36.89143
18438.9,3.64056053772629,-1.87811077949,36.9013
18440.9,3.6423221401865105,-1.87811077949,36.89802
18442.9,3.64339674880273,-1.87811077949,36.89802
18444.9,3.64490939471017,-1.87811077949,36.89473
18446.9,3.6463621514095643,-1.87811077949,36.89473
18448.9,3.647814929720276,-1.87811077949,36.89473
18450.9,3.64906917095563,-1.87811077949,36.89802
18452.9,3.65039273612464,-1.87811077949,36.9013
18454.9,3.65152722055521,-1.87811077949,36.89802
18456.9,3.6529799357029393,-1.87811077949,36.89802
18458.9,3.65417435089323,-1.87811077949,36.89802
18460.9,3.65549791606224,-1.87811077949,36.89802
18462.9,3.65701056196968,-1.87811077949,36.9013
18464.9,3.658025288591018,-1.87811077949,36.9046
18466.9,3.5765295356103475,0.0021863920599418,36.90788
18468.9,3.5699930156967223,0.0,36.91118
18470.9,3.5661706794373793,0.0,36.91446
18472.9,3.56341559644695,0.0,36.91446
18474.9,3.5611062593320004,0.0,36.91446
18476.9,3.5592558202015,0.0021863920599418,36.91446
18478.9,3.5574732279828423,0.0,36.91775
18480.9,3.55566328617133,0.0,36.91775
18482.9,3.554380297169269,0.0004691932660873928,36.91446
18484.9,3.55282707509489,0.0021863920599418,36.91246832098907
18486.9,3.55169259066431,0.0,36.90674434475459
18488.9,3.5503690254953,0.0021863920599418,36.89802
18490.9,3.5495315819328535,0.001717382217137924,36.89473
18492.9,3.54828913737257,0.0021863920599418,36.89143
18494.9,3.5473035312690158,0.0021863920599418,36.88486
18496.9,3.546357761186341,0.0,36.88157
18498.9,3.54564200703456,0.0017184491802049737,36.875
18500.9,3.54469660334241,0.00046905579487522897,36.8717
18502.9,3.544088786885222,0.0,36.86512
18504.9,3.54318395743497,0.0021863920599418,36.858432914599355
18506.9,3.5425761518565166,0.0017173468473942039,36.84538
18508.9,3.5419008882810874,0.0,36.8388
18510.9,3.54110406931224,0.0021863920599418,36.82893
18512.9,3.54072590783538,0.0021863920599418,36.82236
18514.9,3.5396721930353734,0.0017194114451553205,36.81578
18516.9,3.539334804352078,0.0,36.80591
18518.9,3.5389836515420727,0.0017177367114063545,36.79605
18520.9,3.538605454425558,0.0017173246003722078,36.78618
18522.9,3.53807877749737,0.0021863920599418,36.7796
18524.9,3.537470993748073,0.0021863920599418,36.7796
18526.9,3.53713337380522,0.0,36.77302
18528.9,3.53694429306679,0.0004683751448534479,36.76973
18530.9,3.53618797011307,0.0021863920599418,36.76643
18532.9,3.53580980863621,0.0,36.75986
18534.9,3.53543164715935,0.0021863920599418,36.75657
18536.9,3.5353505147652586,0.0,36.75328
18538.9,3.5348239070042795,0.0,36.7467
18540.9,3.53429716272877,0.0017171739498223243,36.7467
18542.9,3.5340269285294825,0.0,36.7467
18544.9,3.53391900125191,0.0021863920599418,36.74341
18546.9,3.53354083977505,0.0,36.74012
18548.9,3.533392274417155,0.0,36.73683
18550.9,3.533014173385781,0.0,36.731113945238455
18552.9,3.53278451682133,0.0,36.72496806381218
18554.9,3.5325954360829,0.0,36.719248906255146
18556.9,3.53221727460605,0.0,36.71309621999411
18558.9,3.5319877046497212,0.0017182042092792288,36.70652334727495
18560.9,3.53165003239076,0.0,36.69665414340018
18562.9,3.531568883228629,0.0021863920599418,36.690076149216466
18564.9,3.5312718709139,0.0,36.68350003974179
18566.9,3.530934278122638,0.0,36.67105
18568.9,3.53108279017547,0.0,36.6642243911021
18570.9,3.53070462869861,0.0,36.65788
18572.9,3.53051554796018,0.0,36.6546
18574.9,3.53032646722175,0.0,36.6546
18576.9,3.5302455704979474,0.0,36.6513
18578.9,3.53013738648332,0.0,36.64473
18580.9,3.5299888743150367,0.0,36.64143
18582.9,3.529988876251725,0.0,36.63486
18584.9,3.529610447592119,0.0,36.63486
18586.9,3.5295296697574488,0.0021863920599418,36.63157
18588.9,3.52919198279117,0.0021863920599418,36.625
18590.9,3.5293404966591715,0.00046908576800537815,36.6217
18592.9,3.52881382131431,0.0,36.6217
18594.9,3.52900290205274,0.00046912388593306064,36.61183
18596.9,3.52862474057588,0.00046804775007364976,36.60525
18598.9,3.52862474057588,0.0021863920599418,36.60525
18600.9,3.5285841823114144,0.0004689862549112296,36.59868
18602.9,3.528584166675423,0.0021863920599418,36.59538
18604.9,3.5282867916519267,0.0,36.59538
18606.9,3.52805749836059,0.0021863920599418,36.5921
18608.9,3.527908871034559,0.001718618238023566,36.5888
18610.9,3.528016955495132,0.0,36.5888
18612.9,3.52786841762216,0.0,36.57893
18614.9,3.527719538955491,0.0,36.57565
18616.9,3.527719809025446,0.0,36.57565
18618.9,3.52763890376011,0.0,36.57451407697242
18620.9,3.527449695277742,0.0,36.568364241944614
18622.9,3.5274496831492277,0.0021863920599418,36.5625
18624.9,3.5273413577998833,0.001721752108968651,36.55591
18626.9,3.5274497768972695,0.00046807256635982567,36.5519156621223
18628.9,3.5271525399218104,0.0,36.548628392675234
18630.9,3.52711209466844,0.0,36.54275
18632.9,3.52711209466844,0.0021863920599418,36.539108091310496
18634.9,3.526963242062558,0.0,36.53618
18636.9,3.527179749165136,0.0021863920599418,36.5296
18638.9,3.52688258296099,0.0021863920599418,36.52302
18640.9,3.5265854266932006,0.0021863920599418,36.51643
18642.9,3.52673393319158,0.0004691670567716273,36.50986
18644.9,3.5266933621208287,0.0,36.50328
18646.9,3.526585426013044,0.0,36.5
18648.9,3.52673393319158,0.0,36.5
18650.9,3.5269903756824634,0.0,36.4967
18652.9,3.4691205389985362,1.24624347416682,36.49341
18654.9,3.4646492172434726,1.24624347416682,36.49012
18656.9,3.4614346521642383,1.24842986622676,36.48683
18658.9,3.458542210831384,1.24624347416682,36.48025
18660.9,3.4559513127201753,1.24842986622676,36.47696
18662.9,3.453871423569634,1.24624347416682,36.47696
18664.9,3.45166888003497,1.24624347416682,36.47696
18666.9,3.4493334837915266,1.24624347416682,36.47368
18668.9,3.447631758730378,1.24624347416682,36.47368
18670.9,3.445863606286519,1.24624347416682,36.47038
18672.9,3.4439728019014377,1.24624347416682,36.47038
18674.9,3.4419593360209007,1.24624347416682,36.47038
18676.9,3.440446689556656,1.24624347416682,36.4671
18678.9,3.4390567017595637,1.24624347416682,36.4638
18680.9,3.4372323185879954,1.24624347416682,36.4638
18682.9,3.435719672124083,1.2470115747355404,36.4638
18684.9,3.4343961054555767,1.24624347416682,36.4638
18686.9,3.433006115131577,1.24624347416682,36.4671
18688.9,3.431559896992078,1.24624347416682,36.4638
18690.9,3.4302363292103366,1.24624347416682,36.46052
18692.9,3.4286572632024535,1.24624347416682,36.46052
18694.9,3.4275329229800477,1.2476623255368755,36.46052
18696.9,3.42614298034696,1.24624347416682,36.4638
18698.9,3.42481941517795,1.24624347416682,36.46613414948519
18700.9,3.42368493074737,1.24624347416682,36.4638
18702.9,3.42255044631679,1.24624347416682,36.4671
18704.9,3.4211604579630253,1.24624347416682,36.46399321244419
18706.9,3.4202150752212424,1.24842986622676,36.47038
18708.9,3.41933607376349,1.24624347416682,36.47038
18710.9,3.4181453592462288,1.24624347416682,36.47368
18712.9,3.41725618564076,1.24624347416682,36.47368
18714.9,3.415866196173797,1.24624347416682,36.47368
18716.9,3.4152426898550563,1.24624347416682,36.47368
18718.9,3.4141082334881907,1.24624347416682,36.47038
18720.9,3.41290732865688,1.24842986622676,36.47038
18722.9,3.41196192496473,1.24842986622676,36.4671
18724.9,3.411338452662759,1.24624347416682,36.47038
18726.9,3.410515696629936,1.24624347416682,36.47038
18728.9,3.40957028510678,1.24624347416682,36.47038
18730.9,3.40862489746978,1.24624347416682,36.47038
18732.9,3.4079912294577,1.2476617721015701,36.47038
18734.9,3.40723490650398,1.24624347416682,36.47696
18736.9,3.406412163450307,1.24624347416682,36.47696
18738.9,3.40553317985812,1.24624347416682,36.47696
18740.9,3.40458777616597,1.24624347416682,36.47696
18742.9,3.4038978790943273,1.24624347416682,36.47696
18744.9,3.403197786784793,1.24842986622676,36.47696
18746.9,3.4024414797246587,1.24842986622676,36.47696
18748.9,3.4016851664753904,1.24842986622676,36.48025
18750.9,3.4009952421358,1.24842986622676,36.479536443320875
18752.9,3.4001826788141547,1.24624347416682,36.48025
18754.9,3.3995490215537227,1.24842986622676,36.48355
18756.9,3.398792695987291,1.24624347416682,36.48683
18758.9,3.3982152687696265,1.24842986622676,36.49012
18760.9,3.39759178884407,1.24624347416682,36.49127578926698
18762.9,3.39683546589035,1.24624347416682,36.4967
18764.9,3.3963244558189825,1.24624347416682,36.50076583669609
18766.9,3.39551190072134,1.24624347416682,36.50328
18768.9,3.39494465850605,1.247661773092691,36.50328
18770.9,3.3944336486059568,1.2470115554112247,36.50328
18772.9,3.39381017407547,1.24624347416682,36.50328
18774.9,3.3931202748622042,1.24624347416682,36.50657
18776.9,3.3923639555489045,1.24624347416682,36.5
18778.9,3.391796712305907,1.24624347416682,36.4967
18780.9,3.3912192760530195,1.24624347416682,36.4967
18782.9,3.390662225819424,1.24624347416682,36.49341
18784.9,3.39002855930688,1.247011555410399,36.49341
18786.9,3.3893948917666945,1.24624347416682,36.49341
18788.9,3.38877142096196,1.24842986622676,36.4967
18790.9,3.38832683266101,1.24842986622676,36.5
18792.9,3.3876931671770922,1.24624347416682,36.50657
18794.9,3.38738142896886,1.24624347416682,36.51315
18796.9,3.386369597895737,1.24842986622676,36.51315
18798.9,3.38586878306142,1.24842986622676,36.51315
18800.9,3.3851788854324143,1.24842986622676,36.50657
18802.9,3.38473429863084,1.24842986622676,36.50328
18804.9,3.384289712942775,1.24842986622676,36.50986
18806.9,3.383722468585763,1.24842986622676,36.50986
18808.9,3.38303257198498,1.24842986622676,36.50986
18810.9,3.382777065450629,1.24624347416682,36.51385707301254
18812.9,3.38227624903126,1.24624347416682,36.518659638066204
18814.9,3.3812644201001087,1.24842986622676,36.51794609209785
18816.9,3.38095268386225,1.24624347416682,36.51643
18818.9,3.380073704466583,1.247661784001018,36.51643
18820.9,3.37962911869324,1.24624347416682,36.51643
18822.9,3.37906187647795,1.24624347416682,36.5175892387559
18824.9,3.3786172896767566,1.24624347416682,36.51973
18826.9,3.3781164727858,1.24624347416682,36.52302
18828.9,3.37773831130894,1.24624347416682,36.5296
18830.9,3.3766702532306585,1.24842986622676,36.53288
18832.9,3.3762920881133307,1.24624347416682,36.53618
18834.9,3.375724847953872,1.24624347416682,36.53946
18836.9,3.37528026170936,1.2470115801663568,36.54275
18838.9,3.37452393875564,1.24624347416682,36.54605
18840.9,3.37414577727878,1.24624347416682,36.54933
18842.9,3.3736347662668598,1.24842986622676,36.54933
18844.9,3.37338945432506,1.24624347416682,36.54933
18846.9,3.37225496989448,1.24842986622676,36.54933
18848.9,3.37187680841762,1.24842986622676,36.54933
18850.9,3.3713759920834763,1.24624347416682,36.54933
18852.9,3.371054057527169,1.24624347416682,36.54933
18854.9,3.3701188494542094,1.24842986622676,36.54933
18856.9,3.36960783955647,1.24842986622676,36.55591
18858.9,3.3693523365780793,1.24624347416682,36.55591
18860.9,3.3685960105399864,1.24842986622676,36.55262
18862.9,3.367839690755896,1.24842986622676,36.55262
18864.9,3.36752795143374,1.24624347416682,36.55262
18866.9,3.3670271344570497,1.24624347416682,36.55262
18868.9,3.36658254774159,1.24842986622676,36.54933
18870.9,3.3660153055263,1.24624347416682,36.54933
18872.9,3.36544806331101,1.24842986622676,36.54605
18874.9,3.3648143963286183,1.2470115618344513,36.54933
18876.9,3.364190922352516,1.24842986622676,36.55262
18878.9,3.363679913482797,1.24842986622676,36.55262
18880.9,3.363056439592126,1.24624347416682,36.55591
18882.9,3.3627345071779997,1.24624347416682,36.55591
18884.9,3.3619219514352356,1.24842986622676,36.55591
18886.9,3.36147736780399,1.24842986622676,36.5625
18888.9,3.3609101255887,1.24842986622676,36.56578
18890.9,3.36034288337341,1.24842986622676,36.5625
18892.9,3.3598982971296802,1.24624347416682,36.5625
18894.9,3.35939747968126,1.24842986622676,36.5625
18896.9,3.3587075044311394,1.24842986622676,36.56578
18898.9,3.35826299525068,1.24842986622676,36.56578
18900.9,3.357818472494183,1.2470108277116112,36.56907
18902.9,3.35687300522955,1.24842986622676,36.57236
18904.9,3.35675034934324,1.24624347416682,36.57565
18906.9,3.3559276710084953,1.247010759504349,36.57565
18908.9,3.3556721799082303,1.24842986622676,36.57565
18910.9,3.3549259126013,1.24624347416682,36.58223
18912.9,3.35448138048209,1.24624347416682,36.58552
18914.9,3.3539805640617186,1.24624347416682,36.58552
18916.9,3.35334689605151,1.24624347416682,36.58223
18918.9,3.3530914379168313,1.24842986622676,36.58223
18920.9,3.3524678383348463,1.24842986622676,36.58223
18922.9,3.3515787424976358,1.24842986622676,36.58223
18924.9,3.3513334332522717,1.24624347416682,36.58223
18926.9,3.35069976571349,1.24842986622676,36.57893
18928.9,3.350066148241432,1.24624347416682,36.57893
18930.9,3.3497643322893427,1.24624347416682,36.57893
18932.9,3.34899803906762,1.24842986622676,36.58223
18934.9,3.34880895832919,1.24842986622676,36.58223
18936.9,3.348175352584735,1.24842986622676,36.58223
18938.9,3.47733641307748,-1.47144185634083,36.58483198456076
18940.9,3.489425897966208,-1.47144185634083,36.58552
18942.9,3.497686317337234,-1.47144185634083,36.58552
18944.9,3.5039851152229,-1.47144185634083,36.57996197649895
18946.9,3.5090902930799786,-1.47144185634083,36.576675758187086
18948.9,3.5134982815015,-1.47144185634083,36.57565
18950.9,3.51765805774695,-1.47144185634083,36.57893
18952.9,3.5211323366241314,-1.47144185634083,36.58223
18954.9,3.52440582991934,-1.47144185634083,36.58223
18956.9,3.5274311273813006,-1.47144185634083,36.58223
18958.9,3.530149063400741,-1.47144185634083,36.578552011354105
18960.9,3.532347226084994,-1.47144185634083,36.57236
18962.9,3.5349943581058856,-1.47144185634083,36.56907
18964.9,3.5368851626202704,-1.47144185634083,36.57236
18966.9,3.5393432128135873,-1.47144185634083,36.57565
18968.9,3.5410449378747084,-1.47144185634083,36.57565
18970.9,3.54299487669654,-1.47144185634083,36.57236
18972.9,3.5447557315127494,-1.47144185634083,36.56907
18974.9,3.5465282802800457,-1.47144185634083,36.57236
18976.9,3.54791097589571,-1.47144185634083,36.57893
18978.9,3.5496718355639056,-1.47144185634083,36.57893
18980.9,3.551184476815712,-1.47144185634083,36.57893
18982.9,3.55282707509489,-1.47144185634083,36.57893
18984.9,3.55439885144918,-1.47144185634083,36.57565
18986.9,3.55579323814585,-1.47144185634083,36.57565
18988.9,3.557116801136439,-1.47144185634083,36.57565
18990.9,3.55831041650935,-1.47144185634083,36.57893
18992.9,3.559882191578585,-1.47144185634083,36.57565
18994.9,3.561465657526639,-1.47144185634083,36.57236
18996.9,3.5624701927548,-1.47144185634083,36.57236
18998.9,3.56398283866224,-1.47144185634083,36.57236
19000.9,3.56549548456968,-1.47144185634083,36.56907
19002.9,3.56662996900026,-1.47144185634083,36.56907
19004.9,3.56776445343084,-1.47144185634083,36.56907
19006.9,3.568828111482145,-1.47144185634083,36.56907
19008.9,3.5701633689185206,-1.4721256401773128,36.56907
19010.9,3.5716760199771564,-1.47144185634083,36.56907
19012.9,3.57268055263001,-1.47144185634083,36.56907
19014.9,3.5739449846780587,-1.47144185634083,36.56907
19016.9,3.575197732578689,-1.47144185634083,36.571331133442165
19018.9,3.576403034375548,-1.47144185634083,36.57565
19020.9,3.57740757109075,-1.47144185634083,36.57565
19022.9,3.5787902687872086,-1.47144185634083,36.57236
19024.9,3.58005470142877,-1.47144185634083,36.56578
19026.9,3.58100010512092,-1.47144185634083,36.560610019315064
19028.9,3.5821937225745963,-1.47144185634083,36.5592
19030.9,3.5833398979864937,-1.47144185634083,36.5625
19032.9,3.58459263915108,-1.47144185634083,36.56578
19034.9,3.58572712358166,-1.47144185634083,36.5625
19036.9,3.58686160801224,-1.47144185634083,36.5625
19038.9,3.5877362668895496,-1.47144185634083,36.5625
19040.9,3.589000626086526,-1.47144185634083,36.5592
19042.9,3.590135111906204,-1.47144185634083,36.5592
19044.9,3.59139954573455,-1.47144185634083,36.5625
19046.9,3.59215586868827,-1.47144185634083,36.5625
19048.9,3.5936093102275737,-1.47144185634083,36.5625
19050.9,3.59461391828786,-1.47144185634083,36.5592
19052.9,3.5956184485666642,-1.47144185634083,36.5592
19054.9,3.597012837537996,-1.47144185634083,36.5625
19056.9,3.597887421288646,-1.47144185634083,36.5625
19058.9,3.5989035485578516,-1.47144185634083,36.5625
19060.9,3.600038131928711,-1.47144185634083,36.56578
19062.9,3.6009835368077057,-1.47144185634083,36.56578
19064.9,3.60198806708662,-1.47144185634083,36.56907
19066.9,3.602862649748594,-1.47144185634083,36.56907
19068.9,3.60425703594778,-1.47144185634083,36.57565
19070.9,3.6051433107769673,-1.47144185634083,36.57893
19072.9,3.60614784333207,-1.47144185634083,36.57565
19074.9,3.60709324702422,-1.47144185634083,36.57236
19076.9,3.608097780570607,-1.47144185634083,36.57236
19078.9,3.5456261541550784,-0.011586543729588648,36.56578
19080.9,3.5387908598371927,0.0,36.56578
19082.9,3.535693150388125,0.0,36.5625
19084.9,3.533235102507287,0.0013489312110366073,36.5592
19086.9,3.5314167122526148,0.0,36.5592
19088.9,3.52975922500646,0.0,36.5592
19090.9,3.52824657909902,0.0008373945753685859,36.55591
19092.9,3.52692301393001,0.0013489510873053007,36.55262
19094.9,3.525671874184332,0.0,36.55262
19096.9,3.524798889577226,0.0,36.54933
19098.9,3.523664404404792,0.0008374339545732514,36.55262
19100.9,3.5224574972479235,0.0,36.54933
19102.9,3.5213230130534168,0.0021863920599418,36.54933
19104.9,3.52087243030026,0.0021863920599418,36.54503200898281
19106.9,3.519999449233202,0.0021863920599418,36.53912066367802
19108.9,3.5194322203336026,0.0,36.53288
19110.9,3.518486801741071,0.0013489678515287526,36.5263
19112.9,3.51784713848538,0.0,36.51973
19114.9,3.517046585640293,0.0,36.51643
19116.9,3.51671265405481,0.0,36.51315
19118.9,3.516217836655958,0.0013489241881903876,36.51315
19120.9,3.5155057450437823,0.0,36.50986
19122.9,3.51482184667051,0.0021863920599418,36.50657
19124.9,3.5145603401376997,0.0,36.50328
19126.9,3.5141379454989954,0.0013489592738427155,36.5
19128.9,3.5134982815015,0.0013489171674740611,36.49012
19130.9,3.513192546189904,0.0,36.49012
19132.9,3.5128143804315184,0.0,36.48683
19134.9,3.51236379707092,0.0,36.48025
19136.9,3.512102287841215,0.0,36.47696
19138.9,3.51179655485563,0.0,36.47368
19140.9,3.5114908205217628,0.0,36.47038
19142.9,3.5108953873931,0.0,36.4671
19144.9,3.51066207042505,0.0021863920599418,36.4638
19146.9,3.5103563337654657,0.0021863920599418,36.45723
19148.9,3.5099781731318247,0.0021863920599418,36.45065
19150.9,3.5098333210695376,0.0021863920599418,36.44736
19152.9,3.50952758599448,0.001348898837781524,36.44407
19154.9,3.50914942451762,0.0,36.44078
19156.9,3.50896034377919,0.0013489425050289257,36.43812816605275
19158.9,3.50877126304076,0.0021863920599418,36.4342
19160.9,3.50877126304076,0.0013489467875659603,36.4342
19162.9,3.508537953626401,0.0013489101409800129,36.4342
19164.9,3.5083931015639,0.0,36.43091
19166.9,3.50801494008704,0.0021863920599418,36.42559021108504
19168.9,3.5078700916665606,0.0,36.422306349068435
19170.9,3.5077534339241354,0.0013489171572927943,36.41901403092537
19172.9,3.507375272447353,0.0021863920599418,36.41775
19174.9,3.5073310696459683,0.0,36.41446
19176.9,3.5073310413437286,0.0,36.41118
19178.9,3.5068080294907134,0.0021863920599418,36.41084067397711
19180.9,3.5922074864131806,-1.87155160331018,36.4046
19182.9,3.5998392931617826,-1.87373799537012,36.4046
19184.9,3.6050133589015,-1.87373799537012,36.39802
19186.9,3.6092247592109996,-1.87373799537012,36.39802
19188.9,3.6128172912237853,-1.87155160331018,36.39802
19190.9,3.61598004173042,-1.87155160331018,36.39473
19192.9,3.619074221809856,-1.87155160331018,36.38815
19194.9,3.6217728197430974,-1.8729433108864866,36.39143
19196.9,3.6243512205891975,-1.872346314466107,36.39473
19198.9,3.62649983316045,-1.87155160331018,36.39473
19200.9,3.6289062624416073,-1.87155160331018,36.39473
19202.9,3.63091742006637,-1.87155160331018,36.39473
19204.9,3.63318638892753,-1.87155160331018,36.39802
19206.9,3.63469903483497,-1.87155160331018,36.39802
19208.9,3.6368992747825453,-1.87155160331018,36.4013
19210.9,3.63866973034199,-1.87155160331018,36.4046
19212.9,3.64074961846472,-1.87155160331018,36.40788
19214.9,3.64245134511059,-1.87155160331018,36.40788
19216.9,3.6442046929375076,-1.87155160331018,36.41118
19218.9,3.64585479840232,-1.87155160331018,36.41118
19220.9,3.6472470940696273,-1.87155160331018,36.41446
19222.9,3.6491893576417076,-1.87373799537012,36.41775
19224.9,3.6507021671057123,-1.87373799537012,36.41775
19226.9,3.6520257334242876,-1.87373799537012,36.42105
19228.9,3.653538378322842,-1.87155160331018,36.42433
19230.9,3.6549822958926947,-1.87373799537012,36.43091
19232.9,3.6565635148376177,-1.87373799537012,36.4342
19234.9,3.6580763180622027,-1.87373799537012,36.44078
19236.9,3.6590904500924,-1.87155160331018,36.44736
19238.9,3.66072344681561,-1.87155160331018,36.44736
19240.9,3.6618579296617004,-1.87155160331018,36.44736
19242.9,3.6631813445853103,-1.87155160331018,36.45065
19244.9,3.66438471076844,-1.87155160331018,36.45065
19246.9,3.66551919519901,-1.87155160331018,36.45065
19248.9,3.6667740320298594,-1.87155160331018,36.45393
19250.9,3.66778816406017,-1.87155160331018,36.45723
19252.9,3.6690428468979146,-1.87155160331018,36.4638
19254.9,3.67005713292133,-1.87155160331018,36.47038
19256.9,3.67156977882877,-1.87373799537012,36.47368
19258.9,3.67251518252092,-1.87373799537012,36.48025
19260.9,3.673718395289671,-1.87155160331018,36.48355
19262.9,3.674715266600495,-1.87155160331018,36.48025
19264.9,3.6756607545860507,-1.87155160331018,36.48025
19266.9,3.6767953117426733,-1.87155160331018,36.48355
19268.9,3.6777407142824954,-1.87155160331018,36.48683
19270.9,3.678995547368385,-1.87155160331018,36.49012
19272.9,3.6800784120581,-1.87373799537012,36.49341
19274.9,3.6809550682501304,-1.87373799537012,36.5
19276.9,3.682089566225306,-1.87373799537012,36.50328
19278.9,3.6830349733740624,-1.87373799537012,36.50657
19280.9,3.68404910756513,-1.87373799537012,36.50657
19282.9,3.6847366058508935,-1.87373799537012,36.50986
19284.9,3.68593991494943,-1.87373799537012,36.51643
19286.9,3.686679128872158,-1.87155160331018,36.51973
19288.9,3.68745256085686,-1.87155160331018,36.52302
19290.9,3.68820888381058,-1.87155160331018,36.5263
19292.9,3.68915428750273,-1.87155160331018,36.53288
19294.9,3.6901684608748067,-1.87155160331018,36.54605
19296.9,3.69104509488703,-1.87373799537012,36.54933
19298.9,3.6921108504030653,-1.87373799537012,36.55591
19300.9,3.6926264701416733,-1.87373799537012,36.5592
19302.9,3.69369222522505,-1.87155160331018,36.5625
19304.9,3.6943798021192173,-1.87155160331018,36.56518372806557
19306.9,3.695514302109962,-1.87373799537012,36.56827030406118
19308.9,3.695892466899598,-1.87373799537012,36.56907
19310.9,3.69690659777835,-1.87373799537012,36.56907
19312.9,3.69766292073207,-1.87373799537012,36.57236
19314.9,3.6982989110239326,-1.87155160331018,36.57773742114173
19316.9,3.6992959184630045,-1.87155160331018,36.58223
19318.9,3.640857230812985,-0.4242321291761222,36.58676746783563
19320.9,3.6119104500341686,0.0,36.5921
19322.9,3.6077056189139887,0.0,36.59251111313178
19324.9,3.60463519742464,0.0016649594890582812,36.59868
19326.9,3.6018440809629113,0.0,36.59868
19328.9,3.5999532716891744,0.0021863920599418,36.59868
19330.9,3.59782829084117,0.0,36.60196
19332.9,3.59631564493373,0.0,36.60196
19334.9,3.594280850365285,0.0,36.59868
19336.9,3.59272311090356,0.0,36.59868
19338.9,3.5913544538379667,0.0,36.59868
19340.9,3.59007598056555,0.0,36.59868
19342.9,3.5890854833921915,0.0,36.59868
19344.9,3.5873299823030402,0.0,36.60196
19346.9,3.5863395199687096,0.0,36.59868
19348.9,3.585394056792928,0.0,36.5921
19350.9,3.58440355841265,0.0,36.5888
19352.9,3.5833141716938486,0.0,36.58552
19354.9,3.5824676587534303,0.0005214142523928802,36.57893
19356.9,3.58137826659778,0.0,36.57565
19358.9,3.580765930900951,0.0021863920599418,36.57236
19360.9,3.57967653995191,0.0021863920599418,36.56907
19362.9,3.57910929773662,0.0021863920599418,36.56907
19364.9,3.578208988282095,0.0021863920599418,36.56907
19366.9,3.57759665182918,0.0021863920599418,36.5592
19368.9,3.57665124813703,0.0021863920599418,36.55591
19370.9,3.5762279947633266,0.0,36.55262
19372.9,3.575372776449679,0.0005214282060204019,36.5494587835043
19374.9,3.5747066452138654,0.0016649455276449396,36.54933
19376.9,3.574337185416267,0.001664959483419256,36.54327467793374
19378.9,3.573481969065599,0.0021863920599418,36.5368310721638
19380.9,3.573103806759673,0.000521418621845509,36.53288
19382.9,3.57286963336844,0.0021863920599418,36.5296
19384.9,3.57192422967629,0.0,36.52881294224339
19386.9,3.57154606819943,0.0,36.5263
19388.9,3.571023919466119,0.0,36.52380224055036
19390.9,3.5704566776285995,0.0021863920599418,36.52302
19392.9,3.569889434206729,0.0021863920599418,36.51973
19394.9,3.5694661800767,0.0021863920599418,36.51476233496994
19396.9,3.56927709933827,0.0,36.50860352951284
19398.9,3.568853842416668,0.0021863920599418,36.50328
19400.9,3.5681426149077,0.0005215015099121587,36.5
19402.9,3.567809547290846,0.0021863920599418,36.4967
19404.9,3.567719359570504,0.0016649594750591569,36.49341
19406.9,3.56738629195398,0.0016649411565685184,36.49012
19408.9,3.5666750632384354,0.0,36.48355
19410.9,3.56662996900026,0.0,36.47696
19412.9,3.566206716454634,0.0005214003051982623,36.47696
19414.9,3.5660176317178176,0.0016649455203126366,36.47038
19416.9,3.56568456530811,0.0005214604900203811,36.4671
19418.9,3.56530640383125,0.0021863920599418,36.4638
19420.9,3.5647842578893583,0.0021863920599418,36.45723
19422.9,3.56492824235439,0.0021863920599418,36.45723
19424.9,3.5643610001391,0.0005214282129320019,36.45393
19426.9,3.56417191940067,0.0016649498928919977,36.45065
19428.9,3.5637486640632274,0.0021863920599418,36.44736
19430.9,3.56341559644695,0.0,36.44736
19432.9,3.56341559644695,0.0005214648633603582,36.44407
19434.9,3.5630825292082866,0.0005214369541854686,36.4375
19436.9,3.563181421019375,0.0,36.43091
19438.9,3.56265927349323,0.0,36.42433
19440.9,3.5622360169493277,0.0021863920599418,36.42105
19442.9,3.56209203127794,0.0005214317440836586,36.41775
19444.9,3.561758962832663,0.0021863920599418,36.41118
19446.9,3.5618578570568804,0.0021863920599418,36.4046
19448.9,3.56152478906266,0.0005214369603038246,36.39802
19450.9,3.5611466275858,0.0005214238460174473,36.39473
19452.9,3.5611015333471006,0.0021863920599418,36.39143
19454.9,3.5609124541935766,0.000521418633299434,36.38486
19456.9,3.5606244792311763,0.0021863920599418,36.38182995407325
19458.9,3.56057938537051,0.0021863920599418,36.382092288667074
19460.9,3.56039030463208,0.0,36.37906463201777
19462.9,3.5603452119779777,0.0,36.37828
19464.9,3.56010232288006,0.0,36.375
19466.9,3.55982306241679,0.0005214186365690185,36.3717
19468.9,3.5595350886611374,0.0016649594719654267,36.36841
19470.9,3.55963398167836,0.0,36.36512
19472.9,3.55944490093993,0.0,36.36183
19474.9,3.5592107283762875,0.0016649830077514719,36.35855
19476.9,3.559399807907744,0.0,36.35855
19478.9,3.5587787640502366,0.0,36.35896121777983
19480.9,3.55883256524167,0.0021863920599418,36.35855
19482.9,3.55868857798621,0.0021863920599418,36.35525
19484.9,3.55849949724778,0.0021863920599418,36.35525
19486.9,3.55831041650935,0.0016649455123732954,36.35196
19488.9,3.5582653226484164,0.0005214325917943161,36.35196
19490.9,3.55812133577092,0.0021863920599418,36.34538
19492.9,3.55793225503249,0.000521409054011374,36.3388
19494.9,3.55793225503249,0.0,36.33223
19496.9,3.55755409355563,0.0021863920599418,36.32565
19498.9,3.5576442900298426,0.0,36.32236
19500.9,3.5574101063005,0.0021863920599418,36.31907
19502.9,3.55774317429406,0.0021863920599418,36.3125
19504.9,3.5022968194253417,1.2134475932677,36.30591
19506.9,3.49780458021183,1.2134475932677,36.29933
19508.9,3.49496836913539,1.2134475932677,36.29275
19510.9,3.492487472684995,1.2134475932677,36.29275
19512.9,3.4905738073039,1.2134475932677,36.29275
19514.9,3.4884939223511027,1.2134475932677,36.29605
19516.9,3.4862935060063,1.2134475932677,36.29605
19518.9,3.4845917781591345,1.2134475932677,36.29605
19520.9,3.483222513663027,1.2134475932677,36.29605
19522.9,3.48135455596844,1.2134475932677,36.29605
19524.9,3.47984191006101,1.2134475932677,36.29605
19526.9,3.4781173335867113,1.2134475932677,36.30262
19528.9,3.4767937672158014,1.2134475932677,36.30591
19530.9,3.4751377381206527,1.2134475932677,36.30591
19532.9,3.4739575535445373,1.2134475932677,36.3092
19534.9,3.472444911625279,1.2134475932677,36.3092
19536.9,3.47114419609324,1.2134475932677,36.3125
19538.9,3.46982063092423,1.2134475932677,36.3092
19540.9,3.46882952555516,1.2134475932677,36.30591
19542.9,3.46736258132464,1.2134475932677,36.30591
19544.9,3.465827087173625,1.2134475932677,36.31201646120632
19546.9,3.464738300431715,1.2134475932677,36.31481292940256
19548.9,3.46358096655605,1.2134475932677,36.31385468041243
19550.9,3.4622345505486902,1.2134475932677,36.3125
19552.9,3.46147822759472,1.2134475932677,36.31578
19554.9,3.4598450510607313,1.2134475932677,36.3125
19556.9,3.45904302883373,1.2134475932677,36.31210118412891
19558.9,3.4577423145031103,1.2134475932677,36.3092
19560.9,3.4567512077413327,1.2134475932677,36.3092
19562.9,3.4554276423804438,1.2134475932677,36.30959884018299
19564.9,3.45431601037299,1.2134475932677,36.312829926720354
19566.9,3.4535368369637873,1.2134475932677,36.31578
19568.9,3.4525685820507737,1.2134475932677,36.31578
19570.9,3.45147979929654,1.2134475932677,36.31907
19572.9,3.45034531486597,1.2134475932677,36.32236
19574.9,3.44939991117382,1.2134475932677,36.31907
19576.9,3.44845450748167,1.2134475932677,36.32236
19578.9,3.44732002305109,1.21563398532764,36.32565
19580.9,3.44618553862051,1.21563398532764,36.32893
19582.9,3.4452629847561855,1.2134475932677,36.32893
19584.9,3.44448381197464,1.2134475932677,36.33223
19586.9,3.44334932754407,1.21563398532764,36.32893
19588.9,3.4427135274867764,1.2134475932677,36.32565
19590.9,3.4412922904511185,1.2134475932677,36.32893
19592.9,3.4405359657209367,1.2134475932677,36.32893
19594.9,3.43973394584555,1.2134475932677,36.32893
19596.9,3.438645161506213,1.2134475932677,36.32565
19598.9,3.43805506686803,1.2134475932677,36.33223
19600.9,3.43692058243745,1.2134475932677,36.33223
19602.9,3.43597517874531,1.2134475932677,36.33552
19604.9,3.43521885579159,1.2134475932677,36.33223
19606.9,3.43427345209944,1.2134475932677,36.33223
19608.9,3.43370620988415,1.2134475932677,36.33223
19610.9,3.432760806192,1.2134475932677,36.33223
19612.9,3.4319816296145285,1.2134475932677,36.3388
19614.9,3.4310362287086473,1.2134475932677,36.3388
19616.9,3.430279907147818,1.2134475932677,36.3421
19618.9,3.429523582609699,1.2134475932677,36.3421
19620.9,3.4284347988443074,1.2134475932677,36.3421
19622.9,3.427821856155317,1.2134475932677,36.3421
19624.9,3.42689930330068,1.21563398532764,36.3421
19626.9,3.42614298034696,1.2134475932677,36.34538
19628.9,3.425363804971231,1.2134475932677,36.34538
19630.9,3.42463033443952,1.2134475932677,36.34868
19632.9,3.4238511606484106,1.2134475932677,36.35196
19634.9,3.42311768853208,1.2134475932677,36.35525
19636.9,3.422195134092683,1.2134475932677,36.35855
19638.9,3.42160504262465,1.2134475932677,36.35855
19640.9,3.42103780040936,1.2134475932677,36.35855
19642.9,3.42028147745564,1.2134475932677,36.35855
19644.9,3.4198804663428133,1.2134475932677,36.36183
19646.9,3.4187688315482,1.21563398532764,36.36196169795775
19648.9,3.41836781625646,1.2134475932677,36.3717
19650.9,3.4177777289675535,1.2134475932677,36.3717
19652.9,3.416666091386808,1.2134475932677,36.3717
19654.9,3.4162879325042517,1.2134475932677,36.375
19656.9,3.41536537825646,1.2134475932677,36.37828
19658.9,3.4148209886543572,1.2134475932677,36.37828
19660.9,3.41423089382588,1.2134475932677,36.38157
19662.9,3.41347457087217,1.2134475932677,36.38157
19664.9,3.4127410959688436,1.2134475932677,36.38157
19666.9,3.41234008644159,1.2134475932677,36.38157
19668.9,3.41158376348787,1.2134475932677,36.38157
19670.9,3.411371834507198,1.2134475932677,36.37828
19672.9,3.4102830491556024,1.2134475932677,36.37828
19674.9,3.40969295610357,1.2134475932677,36.37828
19676.9,3.40950387536514,1.2134475932677,36.38157
19678.9,3.4669466159875597,0.0,36.38486
19680.9,3.469971916360643,0.0,36.38486
19682.9,3.4720644029170264,0.002040712935291671,36.38815
19684.9,3.4738039249707304,0.0,36.38815
19686.9,3.475480451684891,0.002040678730584797,36.38815
19688.9,3.47719477972299,0.0,36.38815
19690.9,3.47814018341514,0.0,36.38815
19692.9,3.47927466784572,0.00014569744958881255,36.38815
19694.9,3.4804091522763,0.00014567668094191263,36.3817892087545
19696.9,3.48135455596844,0.0,36.38464078756626
19698.9,3.482287364395343,0.0,36.38157
19700.9,3.483068879569442,0.002040730037947937,36.37828
19702.9,3.4840142846353883,0.0,36.37828
19704.9,3.484770607271973,0.0,36.37828
19706.9,3.485867291116854,0.00014571211202016971,36.375
19708.9,3.48627065516762,0.0,36.3717
19710.9,3.48702697812134,0.0,36.3717
19712.9,3.487606818665676,0.0,36.375
19714.9,3.48835054329034,0.0,36.3717
19716.9,3.4887161072838526,0.0,36.3717
19718.9,3.4893085423530015,0.0,36.36512
19720.9,3.49005226993621,0.0,36.35855
19722.9,3.4906195121515,0.0,36.34868
19724.9,3.49099767362836,0.0,36.34538
19726.9,3.49156491584365,0.0,36.3421
19728.9,3.49175399658208,0.0,36.3421
19730.9,3.4923338389224394,0.0,36.3421
19732.9,3.4928758812042555,0.0,36.3421
19734.9,3.4934431291251116,0.00014562904014889938,36.33552
19736.9,3.4938212877490322,0.0021863920599418,36.33223
19738.9,3.494199449120605,0.0021863920599418,36.32893
19740.9,3.494602806093372,0.002040712927655785,36.32565
19742.9,3.49495577091139,0.0021863920599418,36.32565
19744.9,3.4951448547140127,0.0021863920599418,36.32565
19746.9,3.495548208201096,0.0020407312486917187,36.32236
19748.9,3.495901172913824,0.0,36.31907
19750.9,3.496279336080603,0.0,36.3125
19752.9,3.49648101504282,0.0,36.3092
19754.9,3.4968339891578135,0.0001456241615423277,36.30591
19756.9,3.497413818926353,0.0,36.30262
19758.9,3.49724993484679,0.0,36.29933
19760.9,3.497981059557033,0.0,36.29605
19762.9,3.497791983572829,0.0,36.29275
19764.9,3.498359228851613,0.0020407691174699357,36.28946
19766.9,3.498724781117086,0.00014571334344070774,36.28946
19768.9,3.49874998390398,0.0,36.28618
19770.9,3.498926467791764,0.0,36.28618
19772.9,3.4989642661556353,0.0,36.28309991926394
19774.9,3.4995063068577,0.00014690670474407953,36.28288
19776.9,3.499682790745264,0.0,36.2796
19778.9,3.49988446833456,0.0,36.277033339849524
19780.9,3.50007354907299,0.0,36.2763
19782.9,3.500275239130365,0.0,36.27302
19784.9,3.5002753490024907,0.0,36.26973
19786.9,3.50064079128828,0.0020407153605040474,36.26973
19788.9,3.50082987202671,0.0,36.26643
19790.9,3.50101895276514,0.0,36.26643
19792.9,3.50120803350357,0.0,36.26315
19794.9,3.501397114242,0.00014707793601462325,36.26315
19796.9,3.501409708134297,0.0,36.25986
19798.9,3.50158619498043,0.0,36.25328
19800.9,3.50177527571886,0.0,36.25328
19802.9,3.5015987995427134,0.0020406420743877317,36.2467
19804.9,3.50215343719572,0.0,36.2467
19806.9,3.50196435645729,0.0,36.24341
19808.9,3.5023551171089466,0.0,36.24341
19810.9,3.50253159867258,0.0001455923993938929,36.24012
19812.9,3.5027080727340967,0.0,36.23355
19814.9,3.50290976014943,0.0,36.22696
19816.9,3.50309884088786,0.0,36.22696
19818.9,3.503124054450755,0.0,36.22696
19820.9,3.503111451155536,0.0,36.23025
19822.9,3.503464395264732,0.0,36.22368
19824.9,3.5034643267664523,0.0,36.22038
19826.9,3.50347700236472,0.0,36.2171
19828.9,3.50366608310315,0.0,36.2138
19830.9,3.50366608310315,0.0,36.21052
19832.9,3.503867769778795,0.0,36.20723
19834.9,3.504056951932842,0.0021863920599418,36.20393
19836.9,3.5042207314254825,0.002040765446707653,36.20393
19838.9,3.50404424458001,0.0,36.20072262600842
19840.9,3.5044098138542266,0.0020407849922688087,36.20065
19842.9,3.5042459295641555,0.0,36.19736
19844.9,3.5046114867953,0.0,36.19407
19846.9,3.5045988914231305,0.0,36.19099915915277
19848.9,3.5046114867953,0.0,36.19078
19850.9,3.5047879736407728,0.0,36.1875
19852.9,3.5051661215926027,0.0020406090531030394,36.1875
19854.9,3.50498964827216,0.0021863920599418,36.187722384446154
19856.9,3.50480056753373,0.0001456596007809491,36.1875
19858.9,3.50517872901059,0.0,36.1875
19860.9,3.50554429511528,0.0,36.182659912645
19862.9,3.5055442842323865,0.0021863920599418,36.17762
19864.9,3.50555689048745,0.0,36.17433
19866.9,3.50555689048745,0.0021863920599418,36.17105
19868.9,3.505733375853204,0.0,36.17105
19870.9,3.50574597122588,0.0021863920599418,36.16775
19872.9,3.5057333683543535,0.00014573043487240605,36.16775
19874.9,3.505733185679953,0.0021863920599418,36.16446
19876.9,3.5055694872335166,0.0021863920599418,36.16118
19878.9,3.5061115328926777,0.002040697025606698,36.15788
19880.9,3.50593505196431,0.0,36.15788
19882.9,3.5059476634038407,0.00014582950904055763,36.1546
19884.9,3.50631321344117,0.0021863920599418,36.1513
19886.9,3.5059476486049257,0.00014565838515681606,36.1513
19888.9,3.424888205657294,1.74255447177361,36.14802
19890.9,3.4180583680504677,1.74255447177361,36.14802
19892.9,3.413497496422764,1.74255447177361,36.14802
19894.9,3.409337723970928,1.74255447177361,36.14802
19896.9,3.4057451935412373,1.74255447177361,36.1513
19898.9,3.402863118399146,1.74255447177361,36.1513
19900.9,3.3996946078953107,1.7444757072636026,36.1546
19902.9,3.39702454662878,1.74255447177361,36.15788
19904.9,3.3944003460194443,1.74255447177361,36.16118
19906.9,3.3921084474296,1.74474086383355,36.16118
19908.9,3.38983947856845,1.74255447177361,36.16775
19910.9,3.38757050970729,1.74255447177361,36.17433
19912.9,3.38605786379985,1.74255447177361,36.17762
19914.9,3.38416705641556,1.74255447177361,36.1842
19916.9,3.3822991839452574,1.74255447177361,36.1875
19918.9,3.3805974515377586,1.74255447177361,36.193936606890716
19920.9,3.3790848058220413,1.74255447177361,36.19715990866302
19922.9,3.37754923057051,1.74255447177361,36.20065
19924.9,3.37603658466308,1.74255447177361,36.20723
19926.9,3.374690087364882,1.74255447177361,36.2138
19928.9,3.37320037358663,1.74255447177361,36.22038
19930.9,3.3718997407390643,1.74255447177361,36.22368
19932.9,3.37074232398704,1.74255447177361,36.23025
19934.9,3.36960783955647,1.74255447177361,36.23355
19936.9,3.36828427438746,1.74255447177361,36.239720988224846
19938.9,3.367172719493818,1.74255447177361,36.245334421991835
19940.9,3.3660153055263,1.74255447177361,36.25
19942.9,3.364857889158292,1.74255447177361,36.25657
19944.9,3.363580187863875,1.74255447177361,36.26643
19946.9,3.362588921881866,1.74255447177361,36.27302
19948.9,3.361357070346207,1.74255447177361,36.28288
19950.9,3.360319952636395,1.74255447177361,36.28618
19952.9,3.35920839894283,1.74255447177361,36.29275
19954.9,3.3581197815560455,1.74255447177361,36.29605
19956.9,3.3571514395883786,1.74255447177361,36.30262
19958.9,3.356016957127005,1.74255447177361,36.30591
19960.9,3.35504862269738,1.74255447177361,36.31578
19962.9,3.3539141382668,1.74255447177361,36.31907
19964.9,3.352991666319865,1.74255447177361,36.32565
19966.9,3.351668100143002,1.74255447177361,36.32893
19968.9,3.35069976571349,1.74255447177361,36.3388
19970.9,3.349731432868738,1.74255447177361,36.3421
19972.9,3.34880895832919,1.74255447177361,36.34538
19974.9,3.34767447389862,1.74255447177361,36.35196
19976.9,3.3468952186227656,1.74255447177361,36.35855
19978.9,3.34578366651432,1.74255447177361,36.36512
19980.9,3.34483826282217,1.74255447177361,36.3717
19982.9,3.3433485506296283,1.74255447177361,36.3717
19984.9,3.3425922284912706,1.74255447177361,36.375
19986.9,3.3417900406539482,1.74255447177361,36.375
19988.9,3.340844633792235,1.74255447177361,36.38157
19990.9,3.339899232885405,1.74255447177361,36.38486
19992.9,3.33878767919242,1.74255447177361,36.39143
19994.9,3.33784227550027,1.74255447177361,36.3978865825852
19996.9,3.33670779106969,1.74255447177361,36.4046
19998.9,3.335785319507552,1.74255447177361,36.41419439195794
20000.9,3.33481698368539,1.74255447177361,36.42071649416957
20002.9,3.3337054924394387,1.74255447177361,36.42762
20004.9,3.332760025916012,1.74255447177361,36.43380101243986
20006.9,3.3316255426860084,1.74255447177361,36.44078
20008.9,3.3310583026315714,1.74255447177361,36.45065
20010.9,3.330112894570079,1.74255447177361,36.45723
20012.9,3.329121565179573,1.74474086383355,36.4629179722958
20014.9,3.328033009040105,1.74255447177361,36.4671
20016.9,3.3270417430559878,1.74255447177361,36.47463781262951
20018.9,3.32611926971762,1.74255447177361,36.48402449910256
20020.9,3.3251968027177545,1.74255447177361,36.49341
20022.9,3.3240393815949,1.74255447177361,36.5
20024.9,3.3232601267028845,1.74255447177361,36.50657
20026.9,3.32195949347217,1.74255447177361,36.51315
20028.9,3.321226102648902,1.74255447177361,36.51643
20030.9,3.320423918218971,1.74255447177361,36.52302
20032.9,3.3189803326747334,1.74255447177361,36.5263
20034.9,3.318366959442,1.74255447177361,36.5296
20036.9,3.31723247501143,1.74255447177361,36.54275
20038.9,3.31628707131928,1.74255447177361,36.54605
20040.9,3.31534166762713,1.74255447177361,36.55262
20042.9,3.3142302032002893,1.74255447177361,36.55262
20044.9,3.313284711250829,1.74255447177361,36.5592
20046.9,3.31231637581225,1.74255447177361,36.56578
20048.9,3.311227761597193,1.74255447177361,36.57236
20050.9,3.310494365397335,1.7444756911374129,36.58223
20052.9,3.3095031913092456,1.74255447177361,36.58552
20054.9,3.3085576917820254,1.7428196261447395,36.59538
20056.9,3.307944588474618,1.74255447177361,36.59868
20058.9,3.3066898123510984,1.74255447177361,36.60525
20060.9,3.30588763070564,1.74255447177361,36.61183
20062.9,3.3047760787902383,1.74255447177361,36.61841
20064.9,3.3041629737055476,1.74255447177361,36.6217
20066.9,3.3030514196292,1.74255447177361,36.63157
20068.9,3.301962796291412,1.742819623924941,36.63815
20070.9,3.301206474106871,1.74474086383355,36.64473
20072.9,3.3002610752151003,1.74255447177361,36.6513
20074.9,3.299670898084329,1.74255447177361,36.6546
20076.9,3.298725495784829,1.74255447177361,36.66118
20078.9,3.2979233063602083,1.74255447177361,36.66775
20080.9,3.29700083599944,1.74255447177361,36.67433
20082.9,3.295935478342373,1.74255447177361,36.68091
20084.9,3.295276178999027,1.74255447177361,36.690382225147005
20086.9,3.29435370566143,1.74255447177361,36.69696100908102
20088.9,3.2932421531699294,1.74255447177361,36.70353219766009
20090.9,3.29284105975399,1.74255447177361,36.71052
20092.9,3.291918588192969,1.74255447177361,36.7171
20094.9,3.29076117163126,1.74255447177361,36.72038
20096.9,3.289861635370827,1.74255447177361,36.72743450307701
20098.9,3.2896037562694875,1.74255447177361,36.73355
20100.9,3.28849220277011,1.74255447177361,36.73683
20102.9,3.287380653255742,1.74255447177361,36.74012
20104.9,3.2866243296316844,1.74255447177361,36.7467
20106.9,3.28584507243209,1.74255447177361,36.75657
20108.9,3.2852778302168,1.74255447177361,36.75986
20110.9,3.2841662777253657,1.74255447177361,36.76315
20112.9,3.2835990358946057,1.74255447177361,36.76973
20114.9,3.28263069987878,1.74255447177361,36.7763
20116.9,3.281897307664056,1.74255447177361,36.78288
20118.9,3.28111805397135,1.74255447177361,36.79275
20120.9,3.280126785631742,1.74255447177361,36.78946
20122.9,3.27960540806391,1.74255447177361,36.79933
20124.9,3.278493852788133,1.742819607833577,36.8092
20126.9,3.277760462157882,1.74255447177361,36.81578
20128.9,3.2768150584663656,1.74255447177361,36.81907
20130.9,3.2763910355106,1.74255447177361,36.82236
20132.9,3.27544563181845,1.74255447177361,36.82893
20134.9,3.27468930886473,1.74255447177361,36.83223
20136.9,3.273910056756428,1.74255447177361,36.8388
20138.9,3.2731537306330876,1.74255447177361,36.84868
20140.9,3.27223125926515,1.74255447177361,36.85525
20142.9,3.271285855573,1.74255447177361,36.86512
20144.9,3.2705066010635875,1.74255447177361,36.86841
20146.9,3.26958412892713,1.74255447177361,36.87493330804772
20148.9,3.2686845891150655,1.74255447177361,36.87828
20150.9,3.26807148301969,1.74255447177361,36.88788317687789
20152.9,3.356648361355381,0.0021863920599418,36.89473
20154.9,3.3642115930816523,0.0021863920599418,36.89802
20156.9,3.369316769849631,0.0005035329247207437,36.89802
20158.9,3.3734765421963573,0.0,36.9046
20160.9,3.3772146170531605,0.0016828351472140746,36.90788
20162.9,3.38042899082641,0.0016828210407164152,36.90788
20164.9,3.38341073346184,0.001682835147700075,36.90788
20166.9,3.385766793363061,0.0,36.90788
20168.9,3.388370379400806,0.0016828492511022455,36.91118
20170.9,3.3903047345038173,0.0,36.91118
20172.9,3.39267568964489,0.0016828534698551032,36.91118
20174.9,3.39456649702919,0.001682822487444178,36.90383994437243
20176.9,3.39645730441349,0.0021863920599418,36.89422331323144
20178.9,3.398057046239816,0.0016828351479931812,36.884606654493815
20180.9,3.3997152228516057,0.0,36.8717
20182.9,3.401227869249075,0.0016828534711277403,36.8717
20184.9,3.4028860495201,0.0,36.86512
20186.9,3.40402053395068,0.0,36.85196
20188.9,3.40538764341986,0.0,36.8421
20190.9,3.4065221278502618,0.0,36.8388
20192.9,3.408034773392959,0.0,36.83223
20194.9,3.40912571388828,0.0,36.82236
20196.9,3.41007111758043,0.0,36.81907
20198.9,3.411060066062362,0.0005035202602958464,36.81578
20200.9,3.41215100570316,0.000503506155799685,36.8092
20202.9,3.41309640939531,0.0016828633575792235,36.80262
20204.9,3.4141438208437838,0.0,36.79275
20206.9,3.4149872167796,0.0,36.78618
20208.9,3.41574353973332,0.0005035145949626745,36.7796
20210.9,3.41649986268704,0.0,36.77302
20212.9,3.4171106488373435,0.0,36.76973
20214.9,3.4179105245036783,0.0,36.76643
20216.9,3.4185362058950224,0.0,36.76315
20218.9,3.4192925310484483,0.0005034962695085628,36.75657
20220.9,3.419757781249412,0.0,36.75657
20222.9,3.4204270130395704,0.0,36.75328
20224.9,3.4211248938874954,0.0021863920599418,36.75328
20226.9,3.4214595086254658,0.0,36.75
20228.9,3.42217228483993,0.0021863920599418,36.7467
20230.9,3.42273952705522,0.0005035145962353436,36.74222899240581
20232.9,3.4231612312469526,0.0016828957923924184,36.73683
20234.9,3.42368493074737,0.0,36.73025
20236.9,3.42425217296266,0.0005035145927104255,36.726204633250205
20238.9,3.4247758708785505,0.0,36.7171
20240.9,3.42500849591638,0.0,36.71052
20242.9,3.4254302029123527,0.0,36.70723
20244.9,3.4260558829702212,0.0,36.70393
20246.9,3.4263756081892627,0.0021863920599418,36.70065
20248.9,3.42671022256225,0.0,36.69407
20250.9,3.4269428467551912,0.0,36.6875
20252.9,3.4274229991422254,0.0,36.6842
20254.9,3.4278011587939146,0.0,36.67762
20256.9,3.427888251292145,0.0,36.67433
20258.9,3.42841194920812,0.0,36.66775
20260.9,3.4287465623614284,0.0,36.65788
20262.9,3.429124727737752,0.0021863920599418,36.6513
20264.9,3.4295028861698293,0.0,36.6513
20266.9,3.42954643363869,0.000503532912487694,36.64473
20268.9,3.42992459511555,0.0,36.64143
20270.9,3.4301572206431015,0.0,36.63815
20272.9,3.43049183733084,0.0,36.63157
20274.9,3.4305353847995654,0.0,36.62828
20276.9,3.4307244663923817,0.0,36.61841
20278.9,3.43124816028456,0.0021863920599418,36.60855
20280.9,3.43143724102299,0.0005035710014086158,36.60525
20282.9,3.431335256200415,0.0,36.60196
20284.9,3.431902499876454,0.0,36.60196
20286.9,3.43200448323828,0.001682816840816691,36.59868
20288.9,3.432426186939362,0.0021863920599418,36.5921
20290.9,3.4324261921835606,0.0005035512341238308,36.5888
20292.9,3.43257172545357,0.0,36.58552
20294.9,3.4329934364732257,0.0,36.58552
20296.9,3.4331825144070054,0.0,36.58552
20298.9,3.433473582042686,0.0,36.58223
20300.9,3.43370620988415,0.0,36.57893
20302.9,3.4337497573521722,0.0,36.57236
20304.9,3.4340408234029978,0.0005035568954043375,36.56746561214517
20306.9,3.434229904141817,0.0,36.5592
20308.9,3.434419128205054,0.0,36.55262
20310.9,3.4346516135763,0.0,36.54933
20312.9,3.4346516135763,0.0005035512292260373,36.54275
20314.9,3.434695025461647,0.0,36.53946
20316.9,3.4350733197165964,0.0,36.535420021006196
20318.9,3.435320846222782,0.0,36.528840012451106
20320.9,3.43540793653002,0.0,36.52238664156898
20322.9,3.3561137595545096,1.66165796555576,36.51643
20324.9,3.3481330458670655,1.66165796555576,36.50986
20326.9,3.3421222512351068,1.66165796555576,36.50986
20328.9,3.33727503328498,1.66165796555576,36.50986
20330.9,3.3328169163343326,1.6633828629578415,36.50986
20332.9,3.32895548079407,1.6621194718210057,36.51643
20334.9,3.3250646110590867,1.66384435761571,36.51973
20336.9,3.321621422957999,1.66165796555576,36.5263
20338.9,3.318366959442,1.66165796555576,36.5296
20340.9,3.315003598265396,1.66165796555576,36.5296
20342.9,3.3118982961140215,1.6621195508180784,36.53288
20344.9,3.309142152960123,1.66384435761571,36.53288
20346.9,3.3061166195767626,1.66165796555576,36.53946
20348.9,3.3036988297657737,1.66384435761571,36.54275
20350.9,3.3011606122449,1.6621194457614104,36.54933
20352.9,3.29889164338374,1.66165796555576,36.55591
20354.9,3.29643359378415,1.66165796555576,36.5592
20356.9,3.294015453655257,1.6633828735399043,36.5625
20358.9,3.291935760983228,1.6621217096812344,36.57236
20360.9,3.2900846681121916,1.6621194524835161,36.57893
20362.9,3.287964930323428,1.662120146872845,36.58552
20364.9,3.28603415317052,1.66165796555576,36.5921
20366.9,3.28414334578622,1.6621194785448457,36.59538
20368.9,3.282401529519413,1.6621215327579566,36.59538
20370.9,3.28055081175606,1.66165796555576,36.59538
20372.9,3.2788890572276825,1.66165796555576,36.60196
20374.9,3.27733643920275,1.66384435761571,36.60796630955983
20376.9,3.2753363736845977,1.66165796555576,36.614425544363634
20378.9,3.273783960775934,1.6633811837681793,36.6217
20380.9,3.2723110807075826,1.66384435761571,36.63087555447429
20382.9,3.27052953261928,1.66165796555576,36.6374545387202
20384.9,3.269246063547451,1.66338071552694,36.64802
20386.9,3.26769332154283,1.66384435761571,36.6546
20388.9,3.266518750321003,1.66384435761571,36.65788
20390.9,3.26485711046639,1.663382885138722,36.66289987666793
20392.9,3.2637625977274434,1.6621201691093113,36.67105
20394.9,3.2623589033523386,1.66384435761571,36.67762
20396.9,3.2610355881461737,1.66384435761571,36.6875
20398.9,3.25956284979035,1.6633803118571406,36.69078
20400.9,3.25842836535978,1.663382873533541,36.69736
20402.9,3.25710480019077,1.66165796555576,36.70065
20404.9,3.255930160737762,1.66384435761571,36.70723
20406.9,3.2547265663635536,1.66384435761571,36.70723
20408.9,3.2533632930778866,1.662121741299021,36.7138
20410.9,3.2521487890199117,1.66165796555576,36.7171
20412.9,3.2510941978944357,1.6621202805998636,36.72368
20414.9,3.2502175760857015,1.66384435761571,36.73355
20416.9,3.2487453363095478,1.66384435761571,36.74012
20418.9,3.2475017821293197,1.66165796555576,36.7467
20420.9,3.2465162788387,1.66384435761571,36.75
20422.9,3.245610858158447,1.6621203000085987,36.75657
20424.9,3.24443639071598,1.66165796555576,36.75986
20426.9,3.24349098702383,1.66165796555576,36.76315
20428.9,3.24216742185482,1.66165796555576,36.76643
20430.9,3.2412619285495214,1.66165796555576,36.77302
20432.9,3.2401275074375278,1.66384435761571,36.78288
20434.9,3.239250957585416,1.66165796555576,36.79275
20436.9,3.23800764560936,1.6621194313149168,36.79275
20438.9,3.237022133014284,1.66384435761571,36.79933
20440.9,3.23592775748664,1.663382862944776,36.80591
20442.9,3.23479327305606,1.6621202534350104,36.8125
20444.9,3.233996801646319,1.6633801100874155,36.81907
20446.9,3.2327532965705426,1.6621194746836898,36.83223
20448.9,3.23176798124118,1.66165796555576,36.84163314525441
20450.9,3.230295253556516,1.6621195508343534,36.84538
20452.9,3.22949901238003,1.66384435761571,36.84538
20454.9,3.228324615396075,1.66165796555576,36.851267633468346
20456.9,3.22723004351887,1.66165796555576,36.85785223247025
20458.9,3.22609555908829,1.6633823712080236,36.86113693335154
20460.9,3.2251903154474766,1.66165796555576,36.86512
20462.9,3.224313632092834,1.66165796555576,36.8717
20464.9,3.222583140586904,1.66384435761571,36.87671815535575
20466.9,3.22193578284284,1.66165796555576,36.88815
20468.9,3.22061221767383,1.66165796555576,36.89473
20470.9,3.2194378263596866,1.66165796555576,36.9013
20472.9,3.21834324881267,1.66165796555576,36.91118
20474.9,3.217168704122252,1.66165796555576,36.92105
20476.9,3.21596572606628,1.66165796555576,36.92762
20478.9,3.2147912772629623,1.66165796555576,36.9375
20480.9,3.213764731751031,1.66165796555576,36.94736
20482.9,3.21229266518292,1.663376656816498,36.95065
20484.9,3.211198369133828,1.66165796555576,36.95393
20486.9,3.20983461558333,1.66165796555576,36.95723
20488.9,3.208740688438791,1.66165796555576,36.9638
20490.9,3.20756564672217,1.66165796555576,36.97038
20492.9,3.206093473645366,1.66384435761571,36.97696
20494.9,3.2048782777807028,1.6633790676880706,36.98683
20496.9,3.2033656562697366,1.66165796555576,36.9967
20498.9,3.2022035520149257,1.66165796555576,37.00986
20500.9,3.201285400409854,1.66165796555576,37.02302
20502.9,3.199705228917029,1.66165796555576,37.03288
20504.9,3.19830069053912,1.66165796555576,37.03946
20506.9,3.1970859023929763,1.66165796555576,37.04605
20508.9,3.1956535602011,1.66384435761571,37.04933
20510.9,3.1944785191685736,1.66165796555576,37.0592
20512.9,3.19300642986308,1.66165796555576,37.0592
20514.9,3.1915743458322194,1.66165796555576,37.06578
20516.9,3.19017021878664,1.66165796555576,37.06907
20518.9,3.18884665361763,1.66384435761571,37.07565
20520.9,3.18733400771019,1.66165796555576,37.08223
20522.9,3.185861318828904,1.66384435761571,37.0888
20524.9,3.1841597512060833,1.66384435761571,37.09538
20526.9,3.18298515072631,1.66384435761571,37.10525
20528.9,3.181364244152312,1.6633770853676415,37.114649819484534
20530.9,3.1800409721066036,1.66384435761571,37.12757646117743
20532.9,3.1784067804994143,1.6633768255566468,37.134156475457225
20534.9,3.17693456709656,1.66384435761571,37.14143
20536.9,3.1754620601932584,1.6621221037893574,37.14473
20538.9,3.17409835602011,1.66384435761571,37.153892564437065
20540.9,3.172166961589248,1.663375038545581,37.16375593297642
20542.9,3.17069490272837,1.66384435761571,37.17105
20544.9,3.1694801813183346,1.66165796555576,37.176488636383695
20546.9,3.1676696109135,1.66384435761571,37.1875
20548.9,3.165819360471411,1.662126936521085,37.19078
20550.9,3.16445523836019,1.66165796555576,37.19736
20552.9,3.1625644309759,1.66384435761571,37.21052
20554.9,3.161092041275497,1.6633788641330853,37.22038
20556.9,3.1594305336698203,1.6621232441532197,37.22696
20558.9,3.15783741251515,1.66165796555576,37.23025
20560.9,3.1559871807375988,1.66384435761571,37.23025
20562.9,3.1544744153419892,1.6621257706698642,37.24012
20564.9,3.3251205708982767,-1.43427319132182,37.2467
20566.9,3.3404538573320677,-1.43427319132182,37.25328
20568.9,3.3520055629686047,-1.43427319132182,37.25328
20570.9,3.3610724594477883,-1.43645958338176,37.25657
20572.9,3.36904059734118,-1.4343817024147736,37.2467
20574.9,3.376964214251309,-1.43427319132182,37.24012
20576.9,3.38377999724146,-1.43427319132182,37.23025
20578.9,3.3903889438085493,-1.43427319132182,37.2171
20580.9,3.39645730441349,-1.43427319132182,37.22038
20582.9,3.402679197549284,-1.43427319132182,37.2171
20584.9,3.4079823394597857,-1.43427319132182,37.2138
20586.9,3.413276604592125,-1.43645958338176,37.20723
20588.9,3.4183817831683307,-1.43427319132182,37.19736
20590.9,3.4234780848165505,-1.43427319132182,37.19407
20592.9,3.42784470699283,-1.43427319132182,37.19078
20594.9,3.432373273959226,-1.43427319132182,37.1875
20596.9,3.436902807885531,-1.43427319132182,37.17433
20598.9,3.44089127794448,-1.4363565484505902,37.16123136685091
20600.9,3.4448526915199476,-1.43427319132182,37.1513
20602.9,3.4488148886646877,-1.43427319132182,37.14802
20604.9,3.45242520298869,-1.43427319132182,37.14473
20606.9,3.456008849817792,-1.43427319132182,37.13815
20608.9,3.4592232165539145,-1.43427319132182,37.12843473828942
20610.9,3.4628157610064343,-1.43427319132182,37.115274556940804
20612.9,3.4658499354172,-1.43427319132182,37.10855
20614.9,3.46887522723208,-1.43427319132182,37.09554312426625
20616.9,3.47190051904696,-1.43427319132182,37.0888
20618.9,3.4747189096864366,-1.43427319132182,37.07893
20620.9,3.47775267830302,-1.43427319132182,37.06854717886251
20622.9,3.4802022941148256,-1.43427319132182,37.0625
20624.9,3.48286720187588,-1.43427319132182,37.05591
20626.9,3.48532525147547,-1.43427319132182,37.04933
20628.9,3.48759422033663,-1.43427319132182,37.03618
20630.9,3.4898445682077317,-1.43427319132182,37.0296
20632.9,3.492123270931839,-1.43427319132182,37.0296
20634.9,3.4940323074205053,-1.43427319132182,37.02302
20636.9,3.49610285356596,-1.43427319132182,37.01643
20638.9,3.49818274168869,-1.43427319132182,37.00986
20640.9,3.5002533103755233,-1.43427319132182,37.00657
20642.9,3.50177527571886,-1.43427319132182,36.9967
20644.9,3.50347700236472,-1.43427319132182,36.99012
20646.9,3.504980759560392,-1.43427319132182,36.99012
20648.9,3.5065022941796,-1.43427319132182,36.99012
20650.9,3.508185408853615,-1.43427319132182,36.98355
20652.9,3.5095186987925677,-1.43427319132182,36.97696
20654.9,3.5108605367046626,-1.43427319132182,36.97368
20656.9,3.5125262023892203,-1.43427319132182,36.9671
20658.9,3.5136784506570304,-1.43645958338176,36.96052
20660.9,3.514623429887268,-1.43427319132182,36.96052
20662.9,3.5157761361288675,-1.43427319132182,36.95393
20664.9,3.51690173479324,-1.43427319132182,36.95393
20666.9,3.51784713848538,-1.43427319132182,36.95393
20668.9,3.5191617951733924,-1.43427319132182,36.95067544193438
20670.9,3.52011610734654,-1.43427319132182,36.94412403722914
20672.9,3.5210526251977905,-1.43427319132182,36.94407
20674.9,3.5221866248692177,-1.43427319132182,36.94078
20676.9,3.52315028643803,-1.43427319132182,36.9310646383851
20678.9,3.52389772211514,-1.43427319132182,36.92762
20680.9,3.525022875887386,-1.43427319132182,36.92105
20682.9,3.5257796422971825,-1.4343759564611485,36.91775
20684.9,3.52692301393001,-1.43427319132182,36.91462294365208
20686.9,3.52786841762216,-1.43427319132182,36.90788
20688.9,3.52843565983745,-1.43427319132182,36.9013
20690.9,3.5293810635296,-1.43427319132182,36.90077699937973
20692.9,3.5305066621934276,-1.43427319132182,36.89802
20694.9,3.530911483543444,-1.43427319132182,36.89802
20696.9,3.5321994973300117,-1.43427319132182,36.89473
20698.9,3.5329647088469223,-1.43427319132182,36.89473
20700.9,3.53354083977505,-1.4363567859013795,36.89143
20702.9,3.4193386795452274,1.00136756345334,36.89143
20704.9,3.4106417019614192,0.9991908329863907,36.89143
20706.9,3.405155836549462,1.00136756345334,36.89473
20708.9,3.400618767295747,0.9991811713934,36.88815
20710.9,3.396836340829608,0.9991811713934,36.88486
20712.9,3.3936193375466295,0.9991811713934,36.88486
20714.9,3.3902184231510413,1.00136756345334,36.88486
20716.9,3.3873835540196193,1.00136756345334,36.88157
20718.9,3.3843587430657753,1.00136756345334,36.875
20720.9,3.38246532976969,0.9991811713934,36.88157
20722.9,3.37981999041936,1.00136756345334,36.88486
20724.9,3.3773625800712748,1.00136756345334,36.88157
20726.9,3.37565842318622,1.00136756345334,36.88157
20728.9,3.37338945432506,1.00136756345334,36.88486
20730.9,3.37149774497246,1.00136756345334,36.87828
20732.9,3.369419632187943,1.00136756345334,36.87828
20734.9,3.36752795143374,1.00136756345334,36.88157
20736.9,3.3658271060805127,1.00136756345334,36.875
20738.9,3.364124498142,1.00136756345334,36.8717
20740.9,3.362234572109445,1.00136756345334,36.8717
20742.9,3.36072104485027,1.00136756345334,36.86512
20744.9,3.3590193182044,1.00136756345334,36.85855500750715
20746.9,3.3575075488066215,1.00136756345334,36.85525
20748.9,3.3558058064594203,1.00136756345334,36.84868
20750.9,3.35429317792615,1.00136756345334,36.84538
20752.9,3.352778772528365,1.00136756345334,36.8421
20754.9,3.3512678845191397,1.00136756345334,36.8388
20756.9,3.34956528128291,1.00136756345334,36.8388
20758.9,3.3482417161139,1.00136756345334,36.8388
20760.9,3.34672956804832,1.00136756345334,36.84099420748999
20762.9,3.3452169205730873,0.9991811713934,36.83770288713418
20764.9,3.3438923612924523,1.00136756345334,36.83552
20766.9,3.3423797153889647,0.9991869279790402,36.8388
20768.9,3.340678982837851,1.00136756345334,36.83552
20770.9,3.3391663353459764,1.00136756345334,36.83552
20772.9,3.338030858392238,0.9991869281275906,36.83552
20774.9,3.3363301290067726,1.00136756345334,36.83223
20776.9,3.335005565005471,1.00136756345334,36.83223
20778.9,3.3333048324545382,1.00136756345334,36.83223
20780.9,3.33198077260895,1.00136756345334,36.83223
20782.9,3.330279543801308,0.9991869280323752,36.83223
20784.9,3.32895548079407,0.9991811713934,36.83552
20786.9,3.3276314209189004,0.9991811713934,36.83223
20788.9,3.32593018897919,1.00136756345334,36.82893
20790.9,3.324418042486033,1.00136756345334,36.82565
20792.9,3.32309397790275,1.00136756345334,36.82236
20794.9,3.32158133199531,0.9991811713934,36.81907
20796.9,3.32006868608787,0.9991811713934,36.81907
20798.9,3.318555542346595,1.00136756345334,36.81907
20800.9,3.3172319819147136,1.00136756345334,36.81907
20802.9,3.31571982910399,1.00136756345334,36.82236
20804.9,3.3142076810263235,0.9991811713934,36.81907
20806.9,3.3125059528003327,1.00136756345334,36.81907
20808.9,3.3109933068882933,1.00136756345334,36.81907
20810.9,3.3092925680170127,1.00136756345334,36.82236
20812.9,3.30834568030523,1.00136756345334,36.81907
20814.9,3.30683303439779,1.00136756345334,36.81907
20816.9,3.30513130775192,1.00136756345334,36.81578
20818.9,3.3036191596785356,0.9991811713934,36.81907
20820.9,3.30229509667548,1.00136756345334,36.81578
20822.9,3.30078245076804,0.9991811713934,36.81907
20824.9,3.299081220375981,1.00136756345334,36.81907
20826.9,3.2977576536301885,1.00136756345334,36.81907
20828.9,3.296244016804495,1.00136756345334,36.81578
20830.9,3.29473186713829,1.00136756345334,36.81796428891789
20832.9,3.29321922123085,1.00136756345334,36.81414427689581
20834.9,3.292084242130985,0.9991811713934,36.8125
20836.9,3.290382515477261,1.00136756345334,36.8125
20838.9,3.2890589471469416,1.00136756345334,36.8125
20840.9,3.2871696301093833,1.00136756345334,36.81578
20842.9,3.28584507243209,1.00136756345334,36.81578
20844.9,3.28433242652465,1.00136756345334,36.81907
20846.9,3.283009357613502,0.9991869097581818,36.81907
20848.9,3.2813076341121477,1.00136756345334,36.81907
20850.9,3.27998356954077,0.9991811713934,36.81907
20852.9,3.278282832241762,1.00136756345334,36.82236
20854.9,3.27695827772589,1.00136756345334,36.82236
20856.9,3.275446627487225,1.00136756345334,36.82236
20858.9,3.273744897664238,1.00136756345334,36.82236
20860.9,3.2722317555196216,1.00136756345334,36.82565
20862.9,3.2709081871851415,1.00136756345334,36.82893
20864.9,3.2693950481887,0.9991811713934,36.82893
20866.9,3.2678828969505456,1.00136756345334,36.83223
20868.9,3.2663702526198737,1.00136756345334,36.83552
20870.9,3.2646690222371237,1.00136756345334,36.83552
20872.9,3.2631558784901356,1.00136756345334,36.83552
20874.9,3.26164273791308,1.00136756345334,36.83552
20876.9,3.2599415075171927,1.00136756345334,36.8388
20878.9,3.25861744609821,1.00136756345334,36.8388
20880.9,3.2571052964449136,0.9991811713934,36.8388
20882.9,3.255780737182762,1.00136756345334,36.8388
20884.9,3.25389042763746,1.00136756345334,36.8421
20886.9,3.25256686246845,1.00136756345334,36.8388
20888.9,3.251054712807394,1.00136756345334,36.83551566954031
20890.9,3.24954206531905,0.9991811713934,36.83551424444794
20892.9,3.24802892474614,0.9991811713934,36.83552
20894.9,3.2461386120320057,0.9991811713934,36.83552
20896.9,3.24481455219283,0.9991811713934,36.83552
20898.9,3.24349098702383,0.9991811713934,36.838791418987476
20900.9,3.2419778480230335,0.9991811713934,36.845371446266704
20902.9,3.24027661447052,0.9991811713934,36.84538
20904.9,3.238575382498523,0.9991811713934,36.84538
20906.9,3.23725132265564,0.9991811713934,36.84538
20908.9,3.235739172994914,0.9991811713934,36.84538
20910.9,3.2338483640378937,0.9991811713934,36.84868
20912.9,3.232335719715431,1.00136756345334,36.85196
20914.9,3.2310121545419337,1.00136756345334,36.85525
20916.9,3.2295000112198085,1.00136756345334,36.85525
20918.9,3.22798636647259,1.00136756345334,36.85196
20920.9,3.22647372056515,1.00136756345334,36.85196
20922.9,3.224772488589666,1.00136756345334,36.84868
20924.9,3.22344842875027,1.0013618251264722,36.84868
20926.9,3.221558610714823,1.00136756345334,36.84868
20928.9,3.2204226422690496,1.00136756345334,36.84538
20930.9,3.218722396468634,1.00136756345334,36.84868
20932.9,3.21739784512052,0.9991811713934,36.84868
20934.9,3.216073284272849,1.00136756345334,36.84538
20936.9,3.2143730527174985,1.00136756345334,36.84538
20938.9,3.21304898813664,0.9991869097291597,36.84538
20940.9,3.21115818075234,1.00136756345334,36.84538
20942.9,3.21002369632176,0.9991811713934,36.84538
20944.9,3.20870013115275,0.9991811713934,36.84538
20946.9,3.207376064987085,0.9991811713934,36.84868
20948.9,3.205863420672392,0.9991811713934,36.85525
20950.9,3.20472943564573,0.9991811713934,36.85855
20952.9,3.203027211163933,1.00136756345334,36.85855
20954.9,3.2017046400817133,0.9991811713934,36.86512
20956.9,3.2001919894453406,1.00136756345334,36.8717
20958.9,3.1992455963992956,0.9991869279600669,36.8717
20960.9,3.19773344832383,1.00136756345334,36.87169712214585
20962.9,3.19622080241639,1.00136756345334,36.87169422599509
20964.9,3.195086812660562,1.00136756345334,36.8717
20966.9,3.193763249076422,0.9991811713934,36.8717
20968.9,3.192439683902934,0.9991811713934,36.8717
20970.9,3.1914932877043465,1.00136756345334,36.875
20972.9,3.1905478840118664,0.9991811713934,36.878271391479785
20974.9,3.1888476461116992,1.00136756345334,36.881561365314326
20976.9,3.18771216918705,0.9991811713934,36.87828
20978.9,3.238471971924074,0.001688218319732504,36.872876592920214
20980.9,3.24538179440812,0.0,36.87828
20982.9,3.24935248991515,0.0,36.87424812490289
20984.9,3.25237778173002,0.0,36.86841
20986.9,3.25502491206804,0.001688212519524059,36.86183
20988.9,3.2574398771627204,0.0,36.85855
20990.9,3.2594168506086265,0.0,36.85525
20992.9,3.261350740271101,0.0,36.85462341437343
20994.9,3.2628203084335468,0.0,36.85196
20996.9,3.26485711046639,0.0,36.84868
20998.9,3.26636975637383,0.0,36.84538
21000.9,3.26788240228126,0.0,36.8388
21002.9,3.269059966322313,0.0,36.83223
21004.9,3.270572616763257,0.0,36.82893
21006.9,3.27204217852672,0.0,36.82565
21008.9,3.27298758221887,0.0,36.81907
21010.9,3.27431114738787,0.0,36.8092
21012.9,3.27525655108002,0.0,36.80591
21014.9,3.276434119153176,0.0,36.79275
21016.9,3.277190429869922,0.0021863920599418,36.78288
21018.9,3.278238757307015,0.0004982103837311678,36.7763
21020.9,3.27903816584862,0.0,36.77302
21022.9,3.27998356954077,0.0,36.76973
21024.9,3.2807829733285856,0.0,36.76315
21026.9,3.28168529618663,0.0004981878844999687,36.75657
21028.9,3.2822956248525386,0.0,36.75
21030.9,3.28300886135564,0.0021863920599418,36.7467
21032.9,3.28395426504779,0.0,36.74341
21034.9,3.2842295106235837,0.0,36.73683
21036.9,3.28508874947837,0.0,36.73355
21038.9,3.2855530799648287,0.0,36.73025
21040.9,3.2865152281017593,0.0,36.72368
21042.9,3.28697955686267,0.0,36.72038
21044.9,3.2875037182440248,0.0,36.7138
21046.9,3.28811404129325,0.0,36.7138
21048.9,3.2885783717793164,0.0,36.7138
21050.9,3.289351442347886,0.0021863920599418,36.71052
21052.9,3.2895836051435676,0.0,36.70393
21054.9,3.29019392941597,0.0004981029880056515,36.70065
21056.9,3.290718211171292,0.0,36.69736
21058.9,3.29113933310812,0.0,36.6875
21060.9,3.2913714950410973,0.0,36.68091
21062.9,3.29189565606184,0.0,36.67105
21064.9,3.292316897509668,0.0,36.66383572107327
21066.9,3.292987060020276,0.0,36.66067874831512
21068.9,3.2935112139795764,0.0021863920599418,36.6546
21070.9,3.29340830196928,0.0,36.64473
21072.9,3.29397554418457,0.0,36.63815
21074.9,3.294310624105849,0.0,36.63815
21076.9,3.29473186713829,0.0,36.63486
21078.9,3.29511002861515,0.0,36.63157
21080.9,3.29548819009201,0.0,36.62828
21082.9,3.29586635156887,0.0,36.625
21084.9,3.2962875954635464,0.0004981737274828194,36.6217
21086.9,3.296579590018966,0.0004981978460116378,36.61841
21088.9,3.2968548368164208,0.0,36.61183
21090.9,3.297146836265861,0.0016882408324782577,36.60855
21092.9,3.2976111629396616,0.0,36.60855
21094.9,3.297800239786325,0.0021863920599418,36.60525
21096.9,3.29813532043002,0.0016882041864283148,36.59538
21098.9,3.29851348190688,0.0004981779025818041,36.5921
21100.9,3.29889164338374,0.0,36.58552
21102.9,3.2987456443410235,0.0021863920599418,36.57565
21104.9,3.299166890401657,0.0021863920599418,36.56907
21106.9,3.29964796633746,0.001689980470437267,36.56578
21108.9,3.299880068198607,0.0,36.5592
21110.9,3.3001721233271772,0.0021863920599418,36.55591
21112.9,3.30040428929118,0.0021863920599418,36.55591
21114.9,3.3009285273737032,0.0004972684960230182,36.54933
21116.9,3.30097153150647,0.0004981737203141373,36.54275
21118.9,3.30134969298333,0.0,36.53946
21120.9,3.301641686456114,0.0004981920461507504,36.53288
21122.9,3.3018738805685883,0.0021863920599418,36.5263
21124.9,3.30191693519862,0.0,36.51973
21126.9,3.3021490951848738,0.0004981370718788822,36.51973
21128.9,3.3027163407100826,0.0,36.51643
21130.9,3.2309247848495444,1.28997131536566,36.51643
21132.9,3.223361503851135,1.28997131536566,36.51315
21134.9,3.2176023075490483,1.28997131536566,36.50986
21136.9,3.212308019758107,1.28997131536566,36.50808141539275
21138.9,3.2078720071492346,1.28997131536566,36.50328
21140.9,3.2032320913739993,1.28997131536566,36.50657
21142.9,3.198970128537463,1.28997131536566,36.50657
21144.9,3.194810347054797,1.28997131536566,36.50986
21146.9,3.190839674848863,1.28997131536566,36.51643
21148.9,3.1868841111425152,1.28997131536566,36.51973
21150.9,3.1828982481147583,1.28997131536566,36.51973
21152.9,3.179101357469454,1.28997131536566,36.5263
21154.9,3.17561100192755,1.28997131536566,36.5296
21156.9,3.17201846789738,1.28997131536566,36.53288
21158.9,3.16842593386722,1.28997131536566,36.53618
21160.9,3.165124674379024,1.28997131536566,36.53946
21162.9,3.161910334924076,1.28997131536566,36.54275
21164.9,3.158695950657026,1.28997131536566,36.54933
21166.9,3.155583786928908,1.28997131536566,36.55262
21168.9,3.1526452897035573,1.28997131536566,36.55591
21170.9,3.14980914077945,1.28997131536566,36.5592
21172.9,3.14707510643934,1.28997131536566,36.56907
21174.9,3.14460176082507,1.28997131536566,36.57236
21176.9,3.14233279196391,1.28997131536566,36.57893
21178.9,3.139787817397372,1.28997131536566,36.58552
21180.9,3.13760577350317,1.28997131536566,36.5888
21182.9,3.13571496611887,1.28997131536566,36.59538
21184.9,3.13344599725772,1.28997131536566,36.60196
21186.9,3.131759638104176,1.28997131536566,36.61183
21188.9,3.1295774579955555,1.28997131536566,36.61841
21190.9,3.1278757656922833,1.28997131536566,36.625
21192.9,3.1256936869821,1.28997131536566,36.63157
21194.9,3.1239050911429094,1.28997131536566,36.63486
21196.9,3.1219989337547838,1.28997131536566,36.63815
21198.9,3.12039942630606,1.28997131536566,36.64054390435045
21200.9,3.11831953818334,1.28997131536566,36.64473
21202.9,3.116602547281697,1.28997131536566,36.64802
21204.9,3.114640155874129,1.28997131536566,36.6546
21206.9,3.11245803529201,1.28997131536566,36.6593964060456
21208.9,3.11056722790772,1.28997131536566,36.662688175526405
21210.9,3.1086917315074105,1.28997131536566,36.66446
21212.9,3.10678561313912,1.28997131536566,36.67105
21214.9,3.10489480575482,1.28997131536566,36.67913133907185
21216.9,3.1029171503537554,1.28997131536566,36.68850131128184
21218.9,3.1009241102478,1.28997131536566,36.70065
21220.9,3.099135515349476,1.28997131536566,36.70418268326772
21222.9,3.0970556187440157,1.2911531280825208,36.71052
21224.9,3.09506260735648,1.28997131536566,36.7138
21226.9,3.09298271923375,1.28997131536566,36.7171
21228.9,3.091194034433015,1.28997131536566,36.72038
21230.9,3.08901202372673,1.28997131536566,36.72368
21232.9,3.0871364883908967,1.28997131536566,36.72696
21234.9,3.085317253078696,1.28997131536566,36.73025
21236.9,3.0830636387084613,1.28997131536566,36.73683
21238.9,3.0808967555269606,1.28997131536566,36.74012
21240.9,3.0790776067580183,1.28997131536566,36.74012
21242.9,3.077013059186883,1.28997131536566,36.74341
21244.9,3.0750046539303066,1.28997131536566,36.75
21246.9,3.07312924169863,1.28997131536566,36.75328
21248.9,3.070758104169577,1.28997131536566,36.76315
21250.9,3.0690563394901655,1.28997131536566,36.76973
21252.9,3.0668026737531284,1.28997131536566,36.7763
21254.9,3.0645337690709926,1.28997131536566,36.78288
21256.9,3.06272980108499,1.28997131536566,36.79275
21258.9,3.0605629795075124,1.28997131536566,36.80262
21260.9,3.05838094410111,1.28997131536566,36.8092
21262.9,3.056214148210183,1.28997131536566,36.8125
21264.9,3.05422116785565,1.28997131536566,36.81907
21266.9,3.05214127973293,1.28997131536566,36.82893
21268.9,3.050163558221044,1.28997131536566,36.83552
21270.9,3.047879292200135,1.28997131536566,36.8421
21272.9,3.045988505321881,1.28997131536566,36.84538
21274.9,3.043719501976173,1.28997131536566,36.85107334471517
21276.9,3.0416549939023603,1.28997131536566,36.85525
21278.9,3.03947287025813,1.28997131536566,36.85855
21280.9,3.03730609850126,1.28997131536566,36.86512
21282.9,3.0351393430269344,1.28997131536566,36.8717
21284.9,3.03304412515152,1.28997131536566,36.875
21286.9,3.03077515629036,1.28997131536566,36.87650736650706
21288.9,3.0285931217941524,1.28997131536566,36.879792655720706
21290.9,3.0263241062337194,1.28997131536566,36.88157
21292.9,3.02396824970689,1.28997131536566,36.88486
21294.9,3.0219752396909367,1.28997131536566,36.88815
21296.9,3.0197063139702176,1.28997131536566,36.89143
21298.9,3.01735042386185,1.28997131536566,36.89802
21300.9,3.01527053573913,1.28997131536566,36.9013
21302.9,3.012914697590391,1.28997131536566,36.89802
21304.9,3.0106456435411215,1.28997131536566,36.9013
21306.9,3.00827454841723,1.28997131536566,36.9046
21308.9,3.00600557955607,1.28997131536566,36.90788
21310.9,3.0037519383892497,1.28997131536566,36.91775
21312.9,3.00165672257218,1.28997131536566,36.92105
21314.9,2.9991117382981374,1.28997131536566,36.92762
21316.9,2.99674062337301,1.28997131536566,36.93091
21318.9,2.9942978306278962,1.28997131536566,36.9375
21320.9,2.992028898880107,1.28997131536566,36.94736
21322.9,2.9892795950161517,1.28997131536566,36.95723
21324.9,2.9870105914196943,1.28997131536566,36.97368
21326.9,2.98445037537508,1.28997131536566,36.98025
21328.9,2.98199232577549,1.28997131536566,36.99012
21330.9,2.979242952604035,1.28997131536566,36.99341
21332.9,2.9769024884326,1.28997131536566,36.9967
21334.9,2.97424001549987,1.28997131536566,37.0
21336.9,2.9716950426628563,1.28997131536566,37.00328
21338.9,2.96903258954494,1.28997131536566,37.00657
21340.9,2.966416116284454,1.28997131536566,37.00986
21342.9,2.963564607354813,1.28997131536566,37.01643
21344.9,2.96081528307136,1.28997131536566,37.01643
21346.9,2.9582703102717742,1.28997131536566,37.01643
21348.9,2.9553319416569,1.28997131536566,37.0263
21350.9,2.9522197816719147,1.28997131536566,37.0296
21352.9,2.9493682374564196,1.28997131536566,37.0296
21354.9,2.9464603399780325,1.28997131536566,37.03499161273113
21356.9,2.9435220131329873,1.28997131536566,37.03797961170364
21358.9,2.940512006838698,1.28997131536566,37.047557565697396
21360.9,2.9374714982688883,1.28997131536566,37.0574212569484
21362.9,2.93434397969119,1.28997131536566,37.0625
21364.9,2.93094052639946,1.28997131536566,37.07057961851947
21366.9,2.927813096753538,1.28997131536566,37.07565
21368.9,3.076453225637441,-0.994808387273517,37.08223
21370.9,3.0936217235473693,-0.994808387273517,37.08552
21372.9,3.1059895602623406,-0.994808387273517,37.0888
21374.9,3.117258131790313,-0.994808387273517,37.09538
21376.9,3.1268647104309175,-0.994808387273517,37.09538
21378.9,3.1362424803286126,-0.994808387273517,37.0921
21380.9,3.1446376212719724,-0.994808387273517,37.08223
21382.9,3.1526924619491585,-0.994808387273517,37.08223
21384.9,3.1602557341083353,-0.994808387273517,37.07893
21386.9,3.1674407935787903,-0.994808387273517,37.06907
21388.9,3.1741348950387978,-0.994808387273517,37.0625
21390.9,3.180675610155382,-0.994808387273517,37.0592
21392.9,3.187181428789807,-0.994808387273517,37.04933
21394.9,3.1931192391021415,-0.994808387273517,37.03946
21396.9,3.1987916600032045,-0.994808387273517,37.03288
21398.9,3.204311538491725,-0.994808387273517,37.0263
21400.9,3.209568900952017,-0.994808387273517,37.01315
21402.9,3.21456163404408,-0.994808387273517,37.00657
21404.9,3.219892433738006,-0.994808387273517,37.00328
21406.9,3.2246194484165596,-0.994808387273517,36.99341
21408.9,3.22949901238003,-0.994808387273517,36.98355
21410.9,3.233883809479499,-0.994808387273517,36.97696
21412.9,3.2384986040355357,-0.994808387273517,36.97038
21414.9,3.2425821191799944,-0.994808387273517,36.95723
21416.9,3.246854688700701,-0.994808387273517,36.94736
21418.9,3.250977948870026,-0.994808387273517,36.9375
21420.9,3.254871713738802,-0.994808387273517,36.92762
21422.9,3.2587667241000893,-0.994808387273517,36.91819385240677
21424.9,3.2625118694930544,-0.994808387273517,36.91446
21426.9,3.2662934832895454,-0.994808387273517,36.91446
21428.9,3.26996229040399,-0.994808387273517,36.90592308255655
21430.9,3.2734782101298845,-0.994808387273517,36.9046
21432.9,3.2768816208546996,-0.994808387273517,36.89934977340575
21434.9,3.280474541840791,-0.994808387273517,36.89605709456986
21436.9,3.28357610357093,-0.994808387273517,36.89143
21438.9,3.287092367379659,-0.994808387273517,36.88486
21440.9,3.2902299477460035,-0.994808387273517,36.874017844265765
21442.9,3.293182679656701,-0.994808387273517,36.86446370749263
21444.9,3.295942623375154,-0.994808387273517,36.85196
21446.9,3.2992698048606,-0.994808387273517,36.84538
21448.9,3.302407908776961,-0.994808387273517,36.8388
21450.9,3.30513130775192,-0.994808387273517,36.83223
21452.9,3.308458113563269,-0.994808387273517,36.82565
21454.9,3.31099281064324,-0.994808387273517,36.81907
21456.9,3.313752745186687,-0.994808387273517,36.81578
21458.9,3.31647615205771,-0.994808387273517,36.80591
21460.9,3.3190107535621696,-0.994808387273517,36.79605
21462.9,3.3219952824082455,-0.994808387273517,36.78946
21464.9,3.324530354534073,-0.994808387273517,36.78288
21466.9,3.3272537541482,-0.994808387273517,36.77302
21468.9,3.329788074302643,-0.994808387273517,36.76643
21470.9,3.332282383121619,-0.994808387273517,36.75328
21472.9,3.3345512589240784,-0.994808387273517,36.7467
21474.9,3.3371987608122162,-0.994808387273517,36.74341
21476.9,3.339580542441117,-0.994808387273517,36.73683
21478.9,3.3420385869262126,-0.994808387273517,36.73025
21480.9,3.34427102060688,-0.994808387273517,36.72696
21482.9,3.3468056866453746,-0.994808387273517,36.72368
21484.9,3.3487326801296224,-0.994808387273517,36.72368
21486.9,3.3511907386523787,-0.994808387273517,36.7138
21488.9,3.35315781531308,-0.994808387273517,36.71052
21490.9,3.3556520414572617,-0.994808387273517,36.70393
21492.9,3.35780856480341,-0.994808387273517,36.70065
21494.9,3.35996472189655,-0.994808387273517,36.69407
21496.9,3.36204461001928,-0.994808387273517,36.6875
21498.9,3.364200769309762,-0.994808387273517,36.68134968292884
21500.9,3.366316960911953,-0.994808387273517,36.67762
21502.9,3.3685861646966235,-0.994808387273517,36.668637433433595
21504.9,3.37055324324861,-0.994808387273517,36.66228123825057
21506.9,3.265224230928327,0.955453330194564,36.6546
21508.9,3.2555866337767463,0.955453330194564,36.64473
21510.9,3.2487772059586546,0.955453330194564,36.64143
21512.9,3.242729145598314,0.955453330194564,36.64473
21514.9,3.2368759213863654,0.955453330194564,36.64531014460116
21516.9,3.232140619041746,0.957639722254506,36.64473
21518.9,3.227789004905186,0.957639722254506,36.64802
21520.9,3.22269210579655,0.957639722254506,36.64802
21522.9,3.218718651978085,0.957639722254506,36.64802
21524.9,3.2143697946365557,0.957639722254506,36.6513
21526.9,3.210210018322282,0.957639722254506,36.654551852128506
21528.9,3.2064311622916,0.957639722254506,36.6513
21530.9,3.2024577768722784,0.957639722254506,36.6513
21532.9,3.198865175610963,0.957639722254506,36.6513
21534.9,3.19527539872424,0.957639722254506,36.66118
21536.9,3.191866421849457,0.957639722254506,36.66446
21538.9,3.188276652734116,0.957639722254506,36.66118
21540.9,3.1848733713501454,0.957639722254506,36.66118
21542.9,3.1812861806464237,0.957639722254506,36.66118
21544.9,3.17825813226556,0.957639722254506,36.66446
21546.9,3.175038236129427,0.957639722254506,36.66775
21548.9,3.17164030642052,0.957639722254506,36.67105
21550.9,3.1686123371734354,0.957639722254506,36.67433
21552.9,3.165397885509554,0.957639722254506,36.67762
21554.9,3.162558913869999,0.957639722254506,36.68091
21556.9,3.1593472981464967,0.957639722254506,36.68091
21558.9,3.1563192461936596,0.957639722254506,36.68091
21560.9,3.15311039405441,0.957639722254506,36.68091
21562.9,3.150265914250117,0.957639722254506,36.68091
21564.9,3.1470570517562257,0.957639722254506,36.6842
21566.9,3.144220840679996,0.957639722254506,36.6875
21568.9,3.141195550380212,0.957639722254506,36.6875
21570.9,3.1385458097837238,0.955453330194564,36.69078
21572.9,3.1353340467932784,0.955453330194564,36.69407
21574.9,3.13231151282714,0.955453330194564,36.69407
21576.9,3.129283459151836,0.957639722254506,36.69736
21578.9,3.12644724748597,0.957639722254506,36.69736
21580.9,3.1236092553126276,0.955453330194564,36.70393
21582.9,3.12058850704449,0.955453330194564,36.70393
21584.9,3.1175604562948576,0.9554852325084014,36.70393
21586.9,3.11434884267631,0.955453330194564,36.70723
21588.9,3.111704472637407,0.955453330194564,36.7138
21590.9,3.1082954956942443,0.957639722254506,36.719838038067685
21592.9,3.10545928608622,0.957639722254506,36.718174078476395
21594.9,3.102812152648732,0.957639722254506,36.718222025015486
21596.9,3.09978962581722,0.957639722254506,36.72038
21598.9,3.0967560435976775,0.957639722254506,36.72038
21600.9,3.0939253938640188,0.957639722254506,36.72038
21602.9,3.0905274283947457,0.957639722254506,36.72038
21604.9,3.08749937781929,0.957639722254506,36.72691209017273
21606.9,3.08466316674284,0.957639722254506,36.723631825296046
21608.9,3.081635111506177,0.957639722254506,36.72368
21610.9,3.0787943966285027,0.957639722254506,36.72696
21612.9,3.0753954471147176,0.957639722254506,36.73025
21614.9,3.0725564758094674,0.957639722254506,36.73355
21616.9,3.06934762693003,0.957639722254506,36.736837892053906
21618.9,3.0659441736383,0.957639722254506,36.7467
21620.9,3.062727384966882,0.957639722254506,36.75
21622.9,3.05989359000854,0.955453330194564,36.75
21624.9,3.056865534795367,0.955453330194564,36.75
21626.9,3.05346484490193,0.957639722254506,36.75
21628.9,3.05025047234863,0.957639722254506,36.75328
21630.9,3.04703609979532,0.955453330194564,36.75986
21632.9,3.04401080798045,0.955453330194564,36.76643
21634.9,3.040793676713565,0.955453330194564,36.77302
21636.9,3.0375765392460394,0.955453330194564,36.7796
21638.9,3.0341758461839072,0.955453330194564,36.78288
21640.9,3.03077515629036,0.955453330194564,36.78288
21642.9,3.0277443472793144,0.955453330194564,36.78288
21644.9,3.02434641118375,0.955453330194564,36.78288
21646.9,3.020940196055084,0.955453330194564,36.78288
21648.9,3.0175367442211605,0.957639722254506,36.78288
21650.9,3.01413605130855,0.957639722254506,36.7796
21652.9,3.010729839973581,0.957639722254506,36.78288
21654.9,3.00732914472508,0.957639722254506,36.78288
21656.9,3.0042956986008837,0.957639722254506,36.78288
21658.9,3.0007057963180896,0.957639722254506,36.78618
21660.9,2.99711878484987,0.957639722254506,36.78946
21662.9,2.993898910559562,0.957639722254506,36.78946
21664.9,2.9903091180380037,0.957639722254506,36.78946
21666.9,2.986716585568897,0.957639722254506,36.78946
21668.9,2.9833158909445,0.957639722254506,36.78946
21670.9,2.980098755039423,0.957639722254506,36.79275
21672.9,3.100766618937532,-1.1456694394095,36.78946
21674.9,3.1209600165308613,-1.1456694394095,36.79275
21676.9,3.1337256658591555,-1.1456694394095,36.79275
21678.9,3.1443146170310445,-1.1456694394095,36.78867055417337
21680.9,3.153814178252031,-1.1456694394095,36.78618
21682.9,3.162511653037995,-1.1456694394095,36.78209184782502
21684.9,3.170975070999118,-1.1456694394095,36.7763
21686.9,3.1787729376202862,-1.1456694394095,36.77302
21688.9,3.1862901481289883,-1.1456694394095,36.76933458425666
21690.9,3.1932862698487003,-1.1456694394095,36.76315
21692.9,3.200426183881223,-1.1456694394095,36.75657
21694.9,3.207044009344485,-1.1456694394095,36.75328
21696.9,3.2130945409950744,-1.1456694394095,36.7467
21698.9,3.219190215171657,-1.1456694394095,36.7467
21700.9,3.2251955241738894,-1.1456694394095,36.74012
21702.9,3.2309137855830126,-1.146196771074689,36.73355
21704.9,3.2361624430067257,-1.1456694394095,36.72696
21706.9,3.241456642990129,-1.1456694394095,36.72038
21708.9,3.246939761571992,-1.14785583146944,36.7138
21710.9,3.251856050521876,-1.14785583146944,36.71052
21712.9,3.25653755797548,-1.1456694394095,36.70065
21714.9,3.261355704619941,-1.1456694394095,36.69736
21716.9,3.265704647903647,-1.1456694394095,36.6875
21718.9,3.270241967772422,-1.14785583146944,36.6842
21720.9,3.27468930886473,-1.14785583146944,36.68091
21722.9,3.279129042375141,-1.14785583146944,36.66775
21724.9,3.2832434858018806,-1.14785583146944,36.65788
21726.9,3.2872142396508273,-1.14785583146944,36.64802
21728.9,3.2912299096539837,-1.14785583146944,36.64143
21730.9,3.2947773823912496,-1.14785583146944,36.63486
21732.9,3.298747692596176,-1.14785583146944,36.63157
21734.9,3.3025296215270163,-1.14785583146944,36.62828
21736.9,3.306311395378785,-1.14785583146944,36.625
21738.9,3.3097145458236237,-1.1456694394095,36.6217
21740.9,3.3131182080735244,-1.14785583146944,36.61841
21742.9,3.3167106291517596,-1.14785583146944,36.61512
21744.9,3.3200231308267716,-1.14785583146944,36.609377386076396
21746.9,3.32347213937961,-1.14785583146944,36.60525
21748.9,3.32668651193291,-1.14785583146944,36.60196
21750.9,3.329757318385019,-1.14785583146944,36.60196
21752.9,3.33273709556267,-1.14785583146944,36.59868
21754.9,3.335853499080735,-1.14785583146944,36.594589738683695
21756.9,3.3388332816798223,-1.14785583146944,36.584726517888605
21758.9,3.342047343327492,-1.14785583146944,36.57565
21760.9,3.3450273435606,-1.14785583146944,36.56907
21762.9,3.3477198973404687,-1.1456694394095,36.5625
21764.9,3.3508432994289907,-1.14785583146944,36.555380049401776
21766.9,3.3533925020907747,-1.14785583146944,36.54565202204936
21768.9,3.3560847164208747,-1.14785583146944,36.539196199902435
21770.9,3.3590193182044,-1.14785583146944,36.53274758201582
21772.9,3.3617118817258325,-1.14785583146944,36.5263
21774.9,3.36450265961886,-1.1456694394095,36.52302
21776.9,3.3668172336989364,-1.1456694394095,36.51973
21778.9,3.369320440501625,-1.14785583146944,36.51973
21780.9,3.371967845423635,-1.14785583146944,36.51643
21782.9,3.3745693739945226,-1.14785583146944,36.51315
21784.9,3.37717106909365,-1.14785583146944,36.51315
21786.9,3.37944003795481,-1.14785583146944,36.50986
21788.9,3.3818980875544,-1.14785583146944,36.50657
21790.9,3.384310537454071,-1.14785583146944,36.50328
21792.9,3.38643602527671,-1.14785583146944,36.4967
21794.9,3.3888940748763,-1.14785583146944,36.49012
21796.9,3.3907848822606,-1.1456694394095,36.48355
21798.9,3.3931449990169447,-1.1456694394095,36.48025
21800.9,3.3955575052872335,-1.1456694394095,36.47038
21802.9,3.39768296331502,-1.1456694394095,36.4638
21804.9,3.400095434378428,-1.14785583146944,36.4638
21806.9,3.401986248697392,-1.1456694394095,36.46052
21808.9,3.2779786459290006,1.24842986622676,36.45393
21810.9,3.2644028791168913,1.25061625828671,36.45065
21812.9,3.2552895147514986,1.25061625828671,36.45065
21814.9,3.2476127270581907,1.25061625828671,36.45393
21816.9,3.240692262942527,1.25061625828671,36.46052
21818.9,3.234188016831823,1.25061625828671,36.4638
21820.9,3.2283264917382737,1.25061625828671,36.4671
21822.9,3.222389464680185,1.25061625828671,36.47236195358404
21824.9,3.21683060290523,1.25061625828671,36.47696
21826.9,3.211498306646796,1.25061625828671,36.48025
21828.9,3.206204042172967,1.25061625828671,36.48551993621693
21830.9,3.2014770281474605,1.25061625828671,36.49209590353347
21832.9,3.196674487109005,1.25061625828671,36.5
21834.9,3.191569307171097,1.25061625828671,36.50657
21836.9,3.187106892027241,1.25061625828671,36.50986
21838.9,3.18237987737376,1.25061625828671,36.50986
21840.9,3.1781445747426647,1.25061625828671,36.51643
21842.9,3.17372019454325,1.25061625828671,36.52302
21844.9,3.169333301348546,1.24842986622676,36.5296
21846.9,3.165098001887909,1.24842986622676,36.53618
21848.9,3.1605600701943204,1.25061625828671,36.54275
21850.9,3.15643832349745,1.25061625828671,36.54933
21852.9,3.15235407110069,1.24842986622676,36.5592
21854.9,3.14819429485524,1.24842986622676,36.56578
21856.9,3.143958993809129,1.25061625828671,36.57236
21858.9,3.139761183256891,1.24842986622676,36.57565
21860.9,3.1355633818853472,1.24842986622676,36.58223
21862.9,3.13155518987342,1.24842986622676,36.5888
21864.9,3.12758449436639,1.24842986622676,36.59538
21866.9,3.1235002432359282,1.24842986622676,36.59868
21868.9,3.1193404695356866,1.24842986622676,36.60196
21870.9,3.1153317305243244,1.25061625828671,36.60525
21872.9,3.11113447012301,1.25061625828671,36.60855
21874.9,3.10716377461598,1.25061625828671,36.61512
21876.9,3.10319307910896,1.24842986622676,36.61841
21878.9,3.0989197456554525,1.24842986622676,36.6217
21880.9,3.095138129939773,1.24842986622676,36.62828
21882.9,3.091242958909995,1.24842986622676,36.63157
21884.9,3.086932135604,1.25061625828671,36.63815
21886.9,3.082885915614608,1.25061625828671,36.64802
21888.9,3.078877188970889,1.24842986622676,36.65416062350932
21890.9,3.0746038577266273,1.24842986622676,36.65700523775838
21892.9,3.0706331653985512,1.24842986622676,36.66118
21894.9,3.0662088609643052,1.25061625828671,36.66118
21896.9,3.061859919657347,1.25061625828671,36.669731920353485
21898.9,3.0577001462624884,1.25061625828671,36.67762
21900.9,3.053426804258024,1.24842986622676,36.6842
21902.9,3.049002435778538,1.24842986622676,36.6894697988314
21904.9,3.044729094725327,1.25061625828671,36.69407
21906.9,3.04049379906551,1.25061625828671,36.69736
21908.9,3.036031377588091,1.25061625828671,36.70065
21910.9,3.0317580450826003,1.24842986622676,36.70065
21912.9,3.0270690647380754,1.24842986622676,36.70065
21914.9,3.0227202064840193,1.24842986622676,36.70393
21916.9,3.01810674681557,1.24842986622676,36.71052
21918.9,3.013455248720846,1.25061625828671,36.7138
21920.9,3.0089173144823005,1.25061625828671,36.72038
21922.9,3.0042658173296894,1.24842986622676,36.72696
21924.9,2.99984143808588,1.24842986622676,36.72696
21926.9,2.9949253404712697,1.25061625828671,36.73025
21928.9,2.990198332482667,1.24842986622676,36.73355
21930.9,2.98547130038076,1.24842986622676,36.74341
21932.9,2.980744287310983,1.24842986622676,36.75
21934.9,2.9756391041999892,1.25061625828671,36.75986
21936.9,2.970306812688876,1.25061625828671,36.76643
21938.9,2.96573138227053,1.24842986622676,36.7763
21940.9,2.9609663358352947,1.24842986622676,36.7796
21942.9,2.955785625398884,1.24842986622676,36.78618
21944.9,2.9508695261999676,1.24842986622676,36.79605
21946.9,2.9456507858851695,1.25061625828671,36.79933
21948.9,2.9407346822514433,1.25061625828671,36.80591
21950.9,2.9357050252070005,1.24842986622676,36.8125
21952.9,2.9309024876503718,1.25061625828671,36.82565
21954.9,2.9257973178678705,1.25061625828671,36.83223
21956.9,2.9208056894223065,1.25061625828671,36.8421
21958.9,2.9162677681606892,1.24842986622676,36.84868
21960.9,2.9114271690607323,1.24842986622676,36.85196
21962.9,2.90688923260429,1.24842986622676,36.85855
21964.9,2.90250289432103,1.24842986622676,36.861174962602014
21966.9,2.897737837430601,1.24842986622676,36.86841
21968.9,2.8936916209288,1.24842986622676,36.873681892678825
21970.9,2.889418283992622,1.24842986622676,36.88025595310658
21972.9,2.88499390696103,1.25061625828671,36.88815
21974.9,2.88121229219244,1.25061625828671,36.89473
21976.9,2.877014484812053,1.25061625828671,36.89670587038624
21978.9,2.8732329111943944,1.24842986622676,36.9013
21980.9,2.8694512470334614,1.24842986622676,36.90656993618333
21982.9,2.86532951016434,1.24842986622676,36.91118
21984.9,2.86116973391888,1.25061625828671,36.91118
21986.9,2.8567828407185645,1.24842986622676,36.91118
21988.9,2.852358473510573,1.24842986622676,36.91775
21990.9,2.8480096019580237,1.24842986622676,36.91775
21992.9,2.8436607481437464,1.24842986622676,36.92433
21994.9,2.83866912604574,1.24842986622676,36.92762
21996.9,2.833601459747307,1.24842986622676,36.9375
21998.9,2.8287989041094925,1.24842986622676,36.94407
22000.9,2.823315544953265,1.24842986622676,36.95393
22002.9,2.817643130405457,1.24842986622676,36.96052
22004.9,2.8119707057205954,1.24842986622676,36.9638
22006.9,2.806109205360939,1.24842986622676,36.9671
22008.9,2.80028573614451,1.24842986622676,36.97696
22010.9,2.7934027533405006,1.24842986622676,36.99012
22012.9,2.7869365250304665,1.24842986622676,37.00657
22014.9,2.780280799774089,1.24842986622676,37.01973
22016.9,2.7730958098727614,1.24842986622676,37.0263
22018.9,2.7655323720444795,1.24842986622676,37.03618
22020.9,2.871392811014918,-1.0702164679377206,37.03618
22022.9,2.934579223719784,-1.04946818877206,37.03946
22024.9,2.9581904894626567,-1.04946818877206,37.04275
22026.9,2.976744069936901,-1.04946818877206,37.04275
22028.9,2.992697458567521,-1.04946818877206,37.04275
22030.9,3.0069033496390145,-1.04946818877206,37.03946
22032.9,3.0205171632046963,-1.04946818877206,37.03946
22034.9,3.033161747164207,-1.04946818877206,37.03946
22036.9,3.0445065014375214,-1.04946818877206,37.03294937392168
22038.9,3.055496409124222,-1.04946818877206,37.03288
22040.9,3.0654707402007557,-1.04946818877206,37.0298746087148
22042.9,3.0753505729820176,-1.04946818877206,37.0263
22044.9,3.084591703861728,-1.04946818877206,37.0201444840996
22046.9,3.093124084160171,-1.04946818877206,37.006985126952685
22048.9,3.1016080088211173,-1.051375426555413,36.99383006078726
22050.9,3.109408928257063,-1.04946818877206,36.98355
22052.9,3.1169483334647725,-1.04946818877206,36.977374463470326
22054.9,3.1245115614300496,-1.04946818877206,36.97038
22056.9,3.131342260177866,-1.04946818877206,36.9671
22058.9,3.1381488533638575,-1.04946818877206,36.9638
22060.9,3.144743200042687,-1.04946818877206,36.96052
22062.9,3.1510066875417135,-1.04946818877206,36.95393
22064.9,3.1568681864779147,-1.04946818877206,36.94736
22066.9,3.162894953302237,-1.04946818877206,36.94078
22068.9,3.168566676507931,-1.04946818877206,36.93091
22070.9,3.174074538029499,-1.04946818877206,36.92105
22072.9,3.179368796921031,-1.04946818877206,36.90788
22074.9,3.1845216162089844,-1.04946818877206,36.89802
22076.9,3.189768239319045,-1.04946818877206,36.89143
22078.9,3.194848935012668,-1.04946818877206,36.88815
22080.9,3.199576622496758,-1.04946818877206,36.88486
22082.9,3.204138373455494,-1.04946818877206,36.875
22084.9,3.2088415778814112,-1.04946818877206,36.8717
22086.9,3.2130251413517428,-1.04946818877206,36.86841
22088.9,3.217421661526482,-1.04946818877206,36.86183
22090.9,3.221911964452667,-1.04946818877206,36.85525
22092.9,3.226260818865923,-1.04946818877206,36.85196
22094.9,3.2300424336348432,-1.04946818877206,36.84538
22096.9,3.2341545656002157,-1.04946818877206,36.8421
22098.9,3.23781856487093,-1.04946818877206,36.83223
22100.9,3.242143603464537,-1.04946818877206,36.82236
22102.9,3.24557087514655,-1.04946818877206,36.8125
22104.9,3.2496591974191857,-1.04946818877206,36.80262
22106.9,3.25313410468374,-1.04946818877206,36.79275
22108.9,3.2567504551201885,-1.04946818877206,36.7796
22110.9,3.260295343273959,-1.04946818877206,36.77302
22112.9,3.263698806659306,-1.04946818877206,36.76973
22114.9,3.267102260937229,-1.04946818877206,36.76649928317913
22116.9,3.27052953261928,-1.04946818877206,36.76328751411943
22118.9,3.27374390517259,-1.04946818877206,36.760069933808715
22120.9,3.2769344579502446,-1.04946818877206,36.75657
22122.9,3.2801488279328908,-1.04946818877206,36.74711576811828
22124.9,3.2833870228325,-1.04946818877206,36.740534480635304
22126.9,3.2863884530899843,-1.04946818877206,36.73683
22128.9,3.28941378708598,-1.04946818877206,36.73025
22130.9,3.29265197901556,-1.04946818877206,36.72079571977069
22132.9,3.295275289378427,-1.04946818877206,36.7171
22134.9,3.298348218960235,-1.04946818877206,36.71093316930378
22136.9,3.30134969298333,-1.04946818877206,36.70393
22138.9,3.30416208468339,-1.04946818877206,36.70065
22140.9,3.30685685298834,-1.04946818877206,36.69736
22142.9,3.3098345052516795,-1.04946818877206,36.69407
22144.9,3.31269453728911,-1.04946818877206,36.6875
22146.9,3.315104874558648,-1.04946818877206,36.68091
22148.9,3.317941161582911,-1.04946818877206,36.67762
22150.9,3.320423029373294,-1.04946818877206,36.66775
22152.9,3.32304633875052,-1.04946818877206,36.66775
22154.9,3.32574110824076,-1.04946818877206,36.66775
22156.9,3.3280339312790725,-1.04946818877206,36.66446
22158.9,3.3302552256006104,-1.04946818877206,36.66118
22160.9,3.309138475249499,-0.486456059889995,36.6546
22162.9,3.274594209368933,0.0,36.64802
22164.9,3.270624632893371,0.0,36.64143
22166.9,3.26826056375812,0.0,36.63486
22168.9,3.2661806756354,0.0,36.63486
22170.9,3.26447894898953,0.0,36.63486
22172.9,3.2630602851031685,0.0,36.63157
22174.9,3.261736717571134,0.0,36.62828
22176.9,3.260413154774784,0.0,36.6217
22178.9,3.25927866876861,0.0010996704691019262,36.61512
22180.9,3.25823928462135,0.0021863920599418,36.61183
22182.9,3.2571987798584403,0.0,36.60855
22184.9,3.256253376156894,0.0,36.60196
22186.9,3.2554981738374877,0.0,36.60196
22188.9,3.2547418437107627,0.0,36.59868
22190.9,3.254267464523715,0.0,36.59538
22192.9,3.253511152690331,0.0,36.5921
22194.9,3.25275594320688,0.0,36.5921
22196.9,3.2524717598037656,0.0010866940543625885,36.5888
22198.9,3.2516203421365164,0.0,36.57893
22200.9,3.2511481962196243,0.0,36.57565
22202.9,3.250959117871856,0.0,36.56907
22204.9,3.2502978936073,0.00108675813551058,36.566048409954426
22206.9,3.25010881286887,0.0010996612481372781,36.5597467472714
22208.9,3.24954157065358,0.0010996612487547755,36.5592
22210.9,3.24935248991515,0.0,36.55727188633935
22212.9,3.2492573927924115,0.001099633922548464,36.55591
22214.9,3.2485972867885198,0.0010867215972030588,36.54768028713108
22216.9,3.2483131049796516,0.0,36.54275
22218.9,3.248124019505951,0.0,36.54109535361785
22220.9,3.24783984400771,0.0010996888918176314,36.534520200090604
22222.9,3.2477458556563548,0.0,36.53124957590178
22224.9,3.24746168253085,0.0,36.5296
22226.9,3.2470846392867596,0.0,36.5296
22228.9,3.24689444031556,0.0,36.5263
22230.9,3.24689444031556,0.0,36.5263
22232.9,3.246799556296751,0.0,36.5263
22234.9,3.246799564333772,0.0,36.52302
22236.9,3.3269579644484972,-1.42552762308205,36.51643
22238.9,3.3360750311463807,-1.42552762308205,36.50657
22240.9,3.3429886400864675,-1.42552762308205,36.4967
22242.9,3.34899803906762,-1.42552762308205,36.49012
22244.9,3.3545225688491778,-1.42552762308205,36.48025
22246.9,3.3596277463080484,-1.42552762308205,36.47368
22248.9,3.36431357888043,-1.42552762308205,36.47038
22250.9,3.368933891548987,-1.42552762308205,36.4671
22252.9,3.37320037358663,-1.42552762308205,36.45723
22254.9,3.377442520509904,-1.42552762308205,36.45065
22256.9,3.38170900681597,-1.42552762308205,36.44736
22258.9,3.3857208894504005,-1.42552762308205,36.44078
22260.9,3.389313425065599,-1.42552762308205,36.4375
22262.9,3.392947144638409,-1.42552762308205,36.4342
22264.9,3.3964984938159417,-1.42552762308205,36.42762
22266.9,3.40004983844365,-1.42552762308205,36.42105
22268.9,3.40326421099696,-1.42552762308205,36.41775
22270.9,3.4065197703328107,-1.42552762308205,36.41118
22272.9,3.409586247548894,-1.42552762308205,36.41118
22274.9,3.41290732865688,-1.42552762308205,36.41118
22276.9,3.41574353973332,-1.42552762308205,36.4046
22278.9,3.41857975080977,-1.42552762308205,36.4046
22280.9,3.4212680673809923,-1.42552762308205,36.4013
22282.9,3.4239151988168817,-1.42552762308205,36.4013
22284.9,3.426644703206712,-1.42552762308205,36.39802
22286.9,3.42916827216183,-1.42552762308205,36.39802
22288.9,3.4316675073037537,-1.42552762308205,36.39473
22290.9,3.4342322658663473,-1.42552762308205,36.39802
22292.9,3.4362878235476995,-1.42552762308205,36.39802
22294.9,3.438474410858852,-1.42552762308205,36.39143
22296.9,3.4407433824033316,-1.42552762308205,36.38815
22298.9,3.4430535346727624,-1.42552762308205,36.38486
22300.9,3.445092240971945,-1.42552762308205,36.38157
22302.9,3.4471721303338465,-1.42552762308205,36.37828
22304.9,3.4490629362751224,-1.42552762308205,36.38157
22306.9,3.4509537445534115,-1.42552762308205,36.38486
22308.9,3.45299244520398,-1.42552762308205,36.38486
22310.9,3.45507233332671,-1.42552762308205,36.38521723833603
22312.9,3.456519461523087,-1.42552762308205,36.38486
22314.9,3.4586236807789064,-1.42552762308205,36.37828
22316.9,3.46036659400274,-1.42552762308205,36.37828
22318.9,3.461920427586433,-1.42552762308205,36.38486
22320.9,3.463433071705098,-1.42552762308205,36.38486
22322.9,3.46528269320192,-1.42552762308205,36.38486
22324.9,3.466943231685186,-1.42552762308205,36.38815
22326.9,3.468053376447425,-1.42552762308205,36.38815
22328.9,3.47019879240109,-1.42552762308205,36.38815
22330.9,3.4715223575701,-1.42552762308205,36.39143
22332.9,3.47303500347754,-1.42552762308205,36.39143
22334.9,3.474440941111452,-1.42552762308205,36.39473
22336.9,3.476167001777828,-1.42552762308205,36.39802
22338.9,3.477613730280012,-1.42552762308205,36.39802
22340.9,3.47889650636886,-1.42552762308205,36.39802
22342.9,3.480178881037732,-1.42552762308205,36.4013
22344.9,3.481584823629581,-1.42552762308205,36.4013
22346.9,3.482908388656928,-1.42552762308205,36.4013
22348.9,3.484272310307949,-1.42552762308205,36.4046
22350.9,3.4855555191990457,-1.42552762308205,36.4046
22352.9,3.486879085403494,-1.42552762308205,36.40788
22354.9,3.48816146255191,-1.42552762308205,36.41118
22356.9,3.489148053370404,-1.42552762308205,36.41446
22358.9,3.4906602657692,-1.42552762308205,36.41775
22360.9,3.4916472932654945,-1.42552762308205,36.42105
22362.9,3.492740588640318,-1.42552762308205,36.42105
22364.9,3.4943599404840735,-1.42552762308205,36.42105
22366.9,3.4954944273938766,-1.42552762308205,36.422186803474276
22368.9,3.49648101504282,-1.42552762308205,36.42433
22370.9,3.4975743132415187,-1.42552762308205,36.42762
22372.9,3.4269841829801604,0.0,36.43091
22374.9,3.42160504262465,0.0,36.4342
22376.9,3.4174735008738497,0.00032648314922608204,36.44078
22378.9,3.414287396583359,0.0,36.44078
22380.9,3.4118010773731138,0.0,36.44407
22382.9,3.408993239416983,0.0,36.45065
22384.9,3.40723490650398,0.00033063304716863867,36.45393
22386.9,3.405183252639499,0.0,36.45393
22388.9,3.4031033893848703,0.0,36.45723
22390.9,3.401212565220713,0.0,36.45723
22392.9,3.3998890578999252,0.00032724285673949526,36.45723
22394.9,3.3981876313891846,0.0,36.46052
22396.9,3.3966746180621636,0.0021863920599418,36.4638
22398.9,3.395540164900308,0.0,36.4638
22400.9,3.394538264118848,0.0,36.4638
22402.9,3.392893070027116,0.0021863920599418,36.46052
22404.9,3.3921084474296,0.0,36.45723
22406.9,3.3908131151710474,0.0003264648305454053,36.45723
22408.9,3.390000298520823,0.0,36.45723
22410.9,3.3889505492599263,0.0,36.45393
22412.9,3.388166052517358,0.00032724748289136613,36.45065
22414.9,3.3873528283995578,0.0,36.45065
22416.9,3.386946802144074,0.0,36.44736
22418.9,3.386001326724139,0.0,36.44407
22420.9,3.385197162883705,0.0,36.44078
22422.9,3.3847059986733443,0.0,36.44078
22424.9,3.383628407820826,0.0021863920599418,36.440531991989765
22426.9,3.38306080600715,0.0,36.4375
22428.9,3.38265441050812,0.0,36.4342
22430.9,3.3818980875544,0.0,36.43091
22432.9,3.3816807063829826,0.0018591464478824435,36.42433
22434.9,3.38076360312382,0.0021863920599418,36.42154574077183
22436.9,3.3805462894745024,0.000326464835635996,36.4182427450924
22438.9,3.37981819943167,0.0,36.42105
22440.9,3.3792791930599027,0.0003264987464976724,36.41775
22442.9,3.37906187647795,0.0,36.41775
22444.9,3.37868371500109,0.0,36.41118
22446.9,3.37830555352423,0.0018599272228431287,36.41118
22448.9,3.377870778016302,0.0,36.41118
22450.9,3.377709705371696,0.0,36.40788
22452.9,3.37717106909365,0.0,36.4046
22454.9,3.3767929076168,0.0,36.39802
22456.9,3.376253902356697,0.0,36.39473
22458.9,3.3763864463334006,0.0,36.39143
22460.9,3.37584750392465,0.0,36.38815
22462.9,3.37546934244779,0.0,36.38815
22464.9,3.375308858253553,0.0,36.38486
22466.9,3.3749303374245496,0.0018598777200618099,36.38157
22468.9,3.3749587128368685,0.0,36.37828
22470.9,3.374495316957133,0.0,36.37828
22472.9,3.374306555357814,0.0,36.37828
22474.9,3.37395669654035,0.0,36.37828
22476.9,3.373824085267577,0.0,36.37828
22478.9,3.3734177591246373,0.0,36.3717
22480.9,3.3736071394201974,0.0,36.3717
22482.9,3.37320037358663,0.0,36.3717
22484.9,3.3731717502071863,0.0,36.36841
22486.9,3.37282221210977,0.0,36.36512
22488.9,3.3724723527306626,0.0,36.36183
22490.9,3.372604531040544,0.0,36.35855
22492.9,3.3723874445145854,0.0,36.35525
22494.9,3.37225496989448,0.0003308585888821781,36.35196
22496.9,3.37206588915605,0.0,36.34868
22498.9,3.37187680841762,0.0,36.34562698045123
22500.9,3.37187680841762,0.0,36.34538
22502.9,3.37149864694076,0.0,36.33929390564732
22504.9,3.3715272580065734,0.0,36.33223
22506.9,3.3714421757245923,0.0,36.33223
22508.9,3.3709597136441056,0.0,36.33223
22510.9,3.37093140472547,0.0,36.32893
22512.9,3.370903104129357,0.0,36.32565
22514.9,3.3707709187112265,0.0,36.32565
22516.9,3.37055324324861,0.0,36.32377853912569
22518.9,3.3708748466183973,0.0,36.32236
22520.9,3.37036416251018,0.0,36.31907
22522.9,3.37036416251018,0.0,36.31578
22524.9,3.4525568895770573,-1.71413137499437,36.3092
22526.9,3.464768131076911,-1.71413137499437,36.30262
22528.9,3.471737712639164,-1.71413137499437,36.29894925436437
22530.9,3.47757294119985,-1.71413137499437,36.29275
22532.9,3.482704443670674,-1.71413137499437,36.28930686548832
22534.9,3.486916802079688,-1.7122491150985677,36.28618
22536.9,3.49105035010768,-1.713826818758003,36.28288
22538.9,3.4949947094014995,-1.71413137499437,36.2796
22540.9,3.4985872407035283,-1.71413137499437,36.2796
22542.9,3.5018279503540173,-1.71413137499437,36.2763
22544.9,3.505341475040567,-1.71413137499437,36.26973
22546.9,3.508230358142483,-1.7138268294268229,36.26973
22548.9,3.5107147505155516,-1.71413137499437,36.26643
22550.9,3.51312012002464,-1.71413137499437,36.27302
22552.9,3.515441765807055,-1.71413137499437,36.27302
22554.9,3.517495311716777,-1.71413137499437,36.27302
22556.9,3.51954886513125,-1.71413137499437,36.27302
22558.9,3.5213296084827683,-1.7138268111005426,36.26973
22560.9,3.5231677351144057,-1.71413137499437,36.27302
22562.9,3.5247330563569585,-1.71413137499437,36.26973
22564.9,3.526681276290336,-1.7122494259774839,36.26973
22566.9,3.5278947563029552,-1.71224954427176,36.27302
22568.9,3.52919198279117,-1.71413137499437,36.2796
22570.9,3.5305682198659305,-1.71413137499437,36.28288
22572.9,3.5317027093115443,-1.71413137499437,36.28618
22574.9,3.53297359755976,-1.71413137499437,36.28618
22576.9,3.5342708256328312,-1.7138268319831667,36.29275
22578.9,3.5351061571470273,-1.71413137499437,36.29605
22580.9,3.53618797011307,-1.71413137499437,36.29933
22582.9,3.5374851968217977,-1.71413137499437,36.30591
22584.9,3.53864601971266,-1.71413137499437,36.30591
22586.9,3.5396177623060296,-1.71413137499437,36.3092
22588.9,3.540673227746199,-1.71413137499437,36.3125
22590.9,3.5413458269703484,-1.71413137499437,36.313421674942454
22592.9,3.54223855374282,-1.71194498293443,36.31623831225972
22594.9,3.5433730381734,-1.71194498293443,36.32236
22596.9,3.54437112195514,-1.71413137499437,36.32610692304592
22598.9,3.545479266119865,-1.71413137499437,36.332688312257545
22600.9,3.54620924924985,-1.71413137499437,36.339259705298424
22602.9,3.5473173949997183,-1.71413137499437,36.34583968535474
22604.9,3.5481263870298823,-1.71413137499437,36.35196
22606.9,3.54923454106472,-1.7138267978871038,36.35196
22608.9,3.550043544106991,-1.71413137499437,36.35855
22610.9,3.55093626771059,-1.71413137499437,36.36512
22612.9,3.5518553311376206,-1.71413137499437,36.36841
22614.9,3.552611657040202,-1.71194498293443,36.375
22616.9,3.5532315750315124,-1.71194498293443,36.37828
22618.9,3.554176981892768,-1.71194498293443,36.37828
22620.9,3.555311462893636,-1.71194498293443,36.38815
22622.9,3.5560677861078274,-1.71413137499437,36.39473
22624.9,3.55679777060191,-1.71413137499437,36.39802
22626.9,3.55793225503249,-1.71413137499437,36.4046
22628.9,3.5585258372916306,-1.71413137499437,36.40788
22630.9,3.559282156153382,-1.71194498293443,36.41446
22632.9,3.56017488838277,-1.71413137499437,36.42105
22634.9,3.5611466275858,-1.7138268540423298,36.43091
22636.9,3.5617402068967166,-1.7122495259420245,36.4342
22638.9,3.5626856121731625,-1.7122495442617878,36.44078
22640.9,3.56341559644695,-1.71413137499437,36.44407
22642.9,3.56455008087753,-1.71413137499437,36.45065
22644.9,3.56530640383125,-1.712249441268158,36.45723
22646.9,3.56587364604654,-1.71413137499437,36.46052
22648.9,3.56681904973869,-1.71413137499437,36.4638
22650.9,3.56738629195398,-1.71413137499437,36.4671
22652.9,3.5681689549515196,-1.71413137499437,36.47038
22654.9,3.56927709933827,-1.71194498293443,36.47696
22656.9,3.57003342229199,-1.71194498293443,36.48355
22658.9,3.5704642606866144,-1.71413137499437,36.49012
22660.9,3.5126729899757008,1.1954421498208012,36.49341
22662.9,3.424167473329589,1.2659210027063,36.49853478137399
22664.9,3.4153230932506724,1.2659210027063,36.50133487994769
22666.9,3.408915459471913,1.2659210027063,36.50741795106265
22668.9,3.40307513025853,1.2659210027063,36.51351725897355
22670.9,3.39815903105936,1.2659210027063,36.51973
22672.9,3.39393691014569,1.2659210027063,36.52302
22674.9,3.389629732040604,1.2659210027063,36.5263
22676.9,3.38586878306142,1.2659210027063,36.53288
22678.9,3.382802179551665,1.2659210027063,36.53946
22680.9,3.3792303266948855,1.2659210027063,36.53975896027149
22682.9,3.37622566540151,1.2659210027063,36.53946
22684.9,3.37357853506349,1.2659210027063,36.53946
22686.9,3.37091076512649,1.2659210027063,36.53939996332184
22688.9,3.3686417549100076,1.2659210027063,36.53618
22690.9,3.3663728440883824,1.2659210027063,36.53618
22692.9,3.3641452275735153,1.2659210027063,36.53618
22694.9,3.36204461001928,1.2659210027063,36.53946
22696.9,3.36015380263498,1.2659210027063,36.54605
22698.9,3.35845207598911,1.2659210027063,36.54933
22700.9,3.35656126860481,1.2659210027063,36.54933
22702.9,3.35467046122052,1.2659210027063,36.55262
22704.9,3.35296873457465,1.2659210027063,36.55262
22706.9,3.3512463846702674,1.2659210027063,36.55591
22708.9,3.34975436202134,1.2659210027063,36.5592
22710.9,3.3482210896550044,1.2659210027063,36.5592
22712.9,3.3465192188409225,1.2659210027063,36.5592
22714.9,3.3448176192364376,1.2659210027063,36.5592
22716.9,3.3431158968680736,1.2659210027063,36.5592
22718.9,3.3414555181091714,1.2659210027063,36.5625
22720.9,3.3399015267921346,1.2659210027063,36.56578
22722.9,3.338388752864482,1.2659210027063,36.56578
22724.9,3.336687104441946,1.2659210027063,36.5592
22726.9,3.33500606442382,1.2659210027063,36.5592
22728.9,3.3336411621046027,1.2659210027063,36.5592
22730.9,3.3319394477346056,1.2659210027063,36.5625
22732.9,3.3301107228345352,1.2659210027063,36.5625
22734.9,3.3285566540228313,1.2659210027063,36.5625
22736.9,3.326854967192799,1.2659210027063,36.5625
22738.9,3.325342274846354,1.2659210027063,36.5592
22740.9,3.3236405860545233,1.2659210027063,36.5625
22742.9,3.322127825581076,1.2659210027063,36.56578
22744.9,3.320426209139101,1.2659210027063,36.56907
22746.9,3.318724481002518,1.2659210027063,36.56907
22748.9,3.317211816289188,1.2659210027063,36.56907
22750.9,3.315510124385072,1.2659210027063,36.57565
22752.9,3.31345086024283,1.2659210027063,36.57856968347702
22754.9,3.31174913359696,1.2659210027063,36.57236
22756.9,3.3100474069511,1.2659210027063,36.57565
22758.9,3.3083663520746556,1.2659210027063,36.57565
22760.9,3.30660267861508,1.2659210027063,36.57565
22762.9,3.304962950282663,1.2659210027063,36.57893
22764.9,3.3030720741427317,1.2659210027063,36.57893
22766.9,3.3016866325006107,1.2659210027063,36.57893
22768.9,3.299816385305535,1.2659210027063,36.58228900842193
22770.9,3.29775715895316,1.2659210027063,36.5888
22772.9,3.295698039405617,1.2659210027063,36.59538
22774.9,3.294164624923,1.2659210027063,36.59868
22776.9,3.2922738175387,1.2659210027063,36.60196
22778.9,3.2907405090476063,1.2659210027063,36.60525
22780.9,3.288849729777954,1.2659210027063,36.60855
22782.9,3.2867489739224993,1.2659210027063,36.60855
22784.9,3.284858395874825,1.2659210027063,36.61183
22786.9,3.2827990582592133,1.2659210027063,36.61183
22788.9,3.280760575328928,1.2659210027063,36.61512
22790.9,3.27918595973755,1.2659210027063,36.6217
22792.9,3.277126505617463,1.2659210027063,36.625
22794.9,3.27506747034159,1.2659210027063,36.63157
22796.9,3.273155979158154,1.2659210027063,36.63815
22798.9,3.2709283981763178,1.2659210027063,36.63815
22800.9,3.2691853390624797,1.2659210027063,36.64143
22802.9,3.267146842053837,1.2659210027063,36.64473
22804.9,3.2653830070311827,1.2659210027063,36.64802
22806.9,3.2631760637584524,1.2659210027063,36.64802
22808.9,3.2612439047437456,1.2659210027063,36.6546
22810.9,3.259205359735413,1.26373461064636,36.65788
22812.9,3.25710480019077,1.2659210027063,36.65788
22814.9,3.25502491206804,1.2659210027063,36.66446
22816.9,3.252924388584032,1.2659210027063,36.66775
22818.9,3.2506967305660877,1.2659210027063,36.67105
22820.9,3.24897432843829,1.2659210027063,36.67433
22822.9,3.246873802247094,1.2659210027063,36.67762
22824.9,3.24479391135031,1.2659210027063,36.6875
22826.9,3.24254558333168,1.2659210027063,36.69078
22828.9,3.2406754408332725,1.2659210027063,36.68980022046598
22830.9,3.2382173742972826,1.2659210027063,36.69407
22832.9,3.2363059189635,1.2659210027063,36.69407
22834.9,3.23437379514601,1.2659210027063,36.69736
22836.9,3.232104894817814,1.2659210027063,36.69736
22838.9,3.2300249022964036,1.2659210027063,36.70065
22840.9,3.227817915734665,1.2659210027063,36.70393
22842.9,3.2255076781407412,1.2659210027063,36.71052
22844.9,3.22325934801184,1.2659210027063,36.7138
22846.9,3.221158800502096,1.2659210027063,36.7138
22848.9,3.21909957176639,1.2659210027063,36.7171
22850.9,3.2166208783969887,1.2659210027063,36.72044004881032
22852.9,3.2145409892916286,1.2659210027063,36.72696
22854.9,3.2122720021946245,1.2659210027063,36.72696
22856.9,3.2096662044581357,1.2659210027063,36.73355
22858.9,3.2077960875833074,1.2659210027063,36.73355
22860.9,3.2056541905778193,1.2659210027063,36.74012
22862.9,3.20321678973829,1.2659210027063,36.7467
22864.9,3.20073809174254,1.2659210027063,36.75
22866.9,3.198469109293494,1.2659210027063,36.75986
22868.9,3.1963685329859115,1.2659210027063,36.76315
22870.9,3.193931198628269,1.2659210027063,36.76973
22872.9,3.1918512748058383,1.2659210027063,36.7763
22874.9,3.1892041626342222,1.2659210027063,36.78288
22876.9,3.1869352391978727,1.2659210027063,36.78288
22878.9,3.1844770849338344,1.2659210027063,36.79275
22880.9,3.1820191130290243,1.2659210027063,36.79605
22882.9,3.1797501397594927,1.2659210027063,36.79605
22884.9,3.1774604405707003,1.2659210027063,36.79933
22886.9,3.1748340255795267,1.2659210027063,36.80591
22888.9,3.172248904499701,1.2659210027063,36.8125
22890.9,3.16974949903623,1.2659210027063,36.8125
22892.9,3.1676077114915215,1.2659210027063,36.8125
22894.9,3.16502248057548,1.2659210027063,36.81578
22896.9,3.1623547250196284,1.2659210027063,36.82236
22898.9,3.1598966175575702,1.2659210027063,36.82893
22900.9,3.15745925103829,1.2659210027063,36.83223
22902.9,3.1547914828339594,1.2659210027063,36.8368490350684
22904.9,3.1523334041965665,1.2659210027063,36.8388
22906.9,3.1496863212808877,1.2659210027063,36.8388
22908.9,3.1472282107559737,1.2659210027063,36.84538
22910.9,3.14460176082507,1.2659210027063,36.85196
22912.9,3.142312135227065,1.2659210027063,36.85525
22914.9,3.139665044424677,1.2659210027063,36.86183
22916.9,3.137017859026313,1.2659210027063,36.865479696821154
22918.9,3.1343702320284637,1.2659210027063,36.8717
22920.9,3.1321012670345616,1.2659210027063,36.87828
22922.9,3.12909714027383,1.2639793804734503,36.878156853371934
22924.9,3.1267858349653075,1.2659210027063,36.87828
22926.9,3.124327788890352,1.2659210027063,36.88486
22928.9,3.12153391073664,1.2659210027063,36.89473
22930.9,3.1188656151672087,1.2659210027063,36.9013
22932.9,3.11623965006061,1.2659210027063,36.9046
22934.9,3.113949514205855,1.2659210027063,36.9046
22936.9,3.111113302254603,1.2659210027063,36.9046
22938.9,3.1083194267379204,1.2659210027063,36.9013
22940.9,3.106008120909673,1.2659210027063,36.90788
22942.9,3.10319307910896,1.2659210027063,36.91446
22944.9,3.1007138597013553,1.2659210027063,36.91446
22946.9,3.09808789917135,1.2659210027063,36.92433
22948.9,3.095483109489803,1.2659210027063,36.9342
22950.9,3.093129461775721,1.2659210027063,36.94078
22952.9,3.090545839264877,1.2659210027063,36.94407
22954.9,3.088024277249493,1.2659210027063,36.94407
22956.9,3.08560857043499,1.2659210027063,36.95065
22958.9,3.08258327862011,1.2659210027063,36.95393
22960.9,3.0806501330399723,1.2659210027063,36.9638
22962.9,3.0780453408978,1.2659210027063,36.9671
22964.9,3.075230297866965,1.2659210027063,36.9638
22966.9,3.0727722466830776,1.2659210027063,36.9638
22968.9,3.07048211136061,1.2659210027063,36.9671
22970.9,3.2163840897848424,-1.37961338982327,36.97368
22972.9,3.2374069050671834,-1.37961338982327,36.97696
22974.9,3.2501614968779924,-1.37961338982327,36.97696
22976.9,3.260594418547618,-1.37961338982327,36.98025
22978.9,3.2695673800446006,-1.37961338982327,36.98174679830515
22980.9,3.2778869351429365,-1.37961338982327,36.981753864787336
22982.9,3.285828322105537,-1.37961338982327,36.97696
22984.9,3.29303014049242,-1.37961338982327,36.97368
22986.9,3.300009380094944,-1.37961338982327,36.9671
22988.9,3.30645487292093,-1.37961338982327,36.96230522971222
22990.9,3.3127807052430738,-1.37961338982327,36.95572612260646
22992.9,3.3187283720363308,-1.37961338982327,36.94736
22994.9,3.324503711306091,-1.37961338982327,36.94003261607567
22996.9,3.330262289577404,-1.37961338982327,36.93369874114729
22998.9,3.335487295620425,-1.37961338982327,36.92762
23000.9,3.3405584011149667,-1.37961338982327,36.92105
23002.9,3.34578366651432,-1.37961338982327,36.91775
23004.9,3.3504939355300443,-1.37961338982327,36.90788
23006.9,3.3548427956833478,-1.37961338982327,36.9013
23008.9,3.359569514115538,-1.37961338982327,36.89473
23010.9,3.3638323624384516,-1.37961338982327,36.88486
23012.9,3.3681813611612132,-1.37961338982327,36.875
23014.9,3.3720491388280758,-1.37961338982327,36.86183
23016.9,3.376122751172167,-1.37961338982327,36.85196
23018.9,3.3800072801701,-1.37961338982327,36.8421
23020.9,3.38397797567713,-1.37961338982327,36.83223
23022.9,3.3875537622681486,-1.37961338982327,36.82565
23024.9,3.3911462997474846,-1.37961338982327,36.82236
23026.9,3.3946526629563407,-1.37961338982327,36.81578
23028.9,3.39803884119578,-1.37961338982327,36.8092
23030.9,3.4012873653165037,-1.37961338982327,36.80262
23032.9,3.4047768569044,-1.37961338982327,36.78946
23034.9,3.4078883153684743,-1.37961338982327,36.78288
23036.9,3.4112917692422835,-1.37961338982327,36.7796
23038.9,3.414144887712298,-1.37961338982327,36.76973
23040.9,3.4171531257790586,-1.37961338982327,36.76643
23042.9,3.4202982234511494,-1.37961338982327,36.75986
23044.9,3.423031529646267,-1.37961338982327,36.75
23046.9,3.42614298034696,-1.37961338982327,36.74341
23048.9,3.4287730986893536,-1.37961338982327,36.73683
23050.9,3.4315232706796994,-1.37961338982327,36.72696
23052.9,3.434256708109345,-1.37961338982327,36.72038
23054.9,3.437006749086324,-1.37961338982327,36.711113272263205
23056.9,3.4397567935139,-1.37961338982327,36.70482807899077
23058.9,3.4421977365258476,-1.37961338982327,36.69736
23060.9,3.4446558730280454,-1.37961338982327,36.6875
23062.9,3.4470447758040343,-1.37961338982327,36.68091
23064.9,3.44939991117382,-1.37961338982327,36.676120704965264
23066.9,3.451960875003154,-1.37961338982327,36.669546147830864
23068.9,3.454591071261855,-1.37961338982327,36.66925059968451
23070.9,3.45677405997258,-1.37961338982327,36.66954613277577
23072.9,3.4588372041045443,-1.37961338982327,36.66775
23074.9,3.4610200001185074,-1.37961338982327,36.66775
23076.9,3.4634948006292503,-1.37961338982327,36.66446
23078.9,3.465368854234062,-1.37961338982327,36.66118
23080.9,3.4678269070029715,-1.37961338982327,36.65788
23082.9,3.4696315501858,-1.37961338982327,36.6546
23084.9,3.4717976033726283,-1.37961338982327,36.6546
23086.9,3.4737745789903474,-1.37961338982327,36.64473
23088.9,3.475579212504647,-1.37961338982327,36.63486
23090.9,3.4778481855582277,-1.37961338982327,36.62828
23092.9,3.47965282932258,-1.37961338982327,36.625
23094.9,3.48154363670687,-1.37961338982327,36.62828
23096.9,3.48324536335274,-1.37961338982327,36.625
23098.9,3.4850332534776607,-1.37961338982327,36.6217
23100.9,3.486924063028677,-1.37961338982327,36.61841
23102.9,3.488625787648288,-1.37961338982327,36.61512
23104.9,3.49024135067464,-1.37961338982327,36.61512
23106.9,3.424783365458969,0.0,36.61512
23108.9,3.4187688315482,0.0,36.61183
23110.9,3.41517629751803,0.0,36.60855
23112.9,3.41234008644159,0.0,36.60525
23114.9,3.4100590712274723,0.0,36.60196
23116.9,3.40818031019613,0.0,36.59538
23118.9,3.406466538781832,0.0,36.5921
23120.9,3.40458777616597,0.0,36.5888
23122.9,3.40345329173539,0.0,36.58552
23124.9,3.4019166217886823,0.0,36.57893
23126.9,3.4006291271124147,0.0,36.57565
23128.9,3.39948259622836,0.0,36.57236
23130.9,3.3987142848056893,0.0,36.57236
23132.9,3.3973906632668953,0.0,36.56907
23134.9,3.39626822367506,0.0,36.56907
23136.9,3.3954998561555487,0.0,36.56578
23138.9,3.39475557776762,0.0,36.5625
23140.9,3.39362109333704,0.00013895206380197574,36.5592
23142.9,3.3930658864238685,0.0,36.55262
23144.9,3.392474593717249,0.0,36.54933
23146.9,3.391907332944276,0.0,36.544809984452094
23148.9,3.39116304373746,0.0,36.538736072887936
23150.9,3.39040672078374,0.0,36.53288
23152.9,3.3900170695093017,0.0,36.5296
23154.9,3.38946131709159,0.0,36.5263
23156.9,3.3888940748763,0.0,36.5263
23158.9,3.388338877025035,0.0,36.52302
23160.9,3.38813775192258,0.0,36.51973
23162.9,3.3877716342041144,0.0,36.51643
23164.9,3.38757050970729,0.0,36.51643
23166.9,3.38681418675357,0.0,36.50986
23168.9,3.38662510601514,0.0,36.50657
23170.9,3.3860699117364823,0.0,36.50328
23172.9,3.38586878306142,0.0,36.5
23174.9,3.38549062158456,0.0,36.49341
23176.9,3.38530154084613,0.0,36.48683
23178.9,3.3849113347332644,0.0,36.48025
23180.9,3.385100436215414,0.0,36.47696
23182.9,3.38454521789242,0.0,36.47368
23184.9,3.38435613715399,0.0,36.47038
23186.9,3.38416705641556,0.0,36.4638
23188.9,3.383776847607898,0.0,36.4638
23190.9,3.3834227666612207,0.0,36.46052
23192.9,3.38341073346184,0.0,36.46052
23194.9,3.3830445662915802,0.0,36.45723
23196.9,3.38303257198498,0.0,36.45393
23198.9,3.382666455275251,0.0,36.44407
23200.9,3.38284349124655,0.0,36.44078
23202.9,3.382642368869315,0.0,36.4342
23204.9,3.3822642175177524,0.0,36.43091
23206.9,3.38246532976969,0.00013920945554732914,36.42762
23208.9,3.38227624903126,0.0,36.42762
23210.9,3.3822522394350267,0.0,36.42433
23212.9,3.38206308178661,0.0,36.41775
23214.9,3.38170900681597,0.0,36.41446
23216.9,3.381342890207178,0.0,36.41118
23218.9,3.38133084533911,0.0,36.401814972190024
23220.9,3.38133084533911,0.0,36.39802
23222.9,3.38114176460068,0.0,36.39473
23224.9,3.38133084533911,0.0,36.39143
23226.9,3.38114176460068,0.0,36.38815
23228.9,3.3809642183806647,0.0,36.38794929967538
23230.9,3.380775613640363,0.0,36.38136101732015
23232.9,3.380775619896832,0.0,36.3717
23234.9,3.380775609179445,0.0,36.36841
23236.9,3.38039748122656,0.0,36.36512
23238.9,3.38076360312382,0.0,36.36183
23240.9,3.38057452238539,0.0,36.35525
23242.9,3.3807515893457545,0.002047473473146443,36.35196
23244.9,3.380373395194984,0.0,36.34868
23246.9,3.3805624848362537,0.0,36.34868
23248.9,3.380551419748806,0.0,36.34538
23250.9,3.3805625109652326,0.0,36.3421
23252.9,3.3805504419565806,0.0,36.3421
23254.9,3.3801843206234228,0.0020471669650118964,36.33552
23256.9,3.380019326420238,0.0,36.33223
23258.9,3.3800072801701,0.0,36.33223
23260.9,3.3800072801701,0.0,36.32893
23262.9,3.3800193247346737,0.0,36.32893
23264.9,3.3800193036581816,0.0,36.32565
23266.9,3.379641146403086,0.0,36.32236
23268.9,3.3798297414701888,0.00013346373397217468,36.31578
23270.9,3.37962911869324,0.0,36.31578
23272.9,3.37981819943167,0.0,36.3092
23274.9,3.3796411519632947,0.0,36.30591
23276.9,3.379806206194904,0.0,36.30262
23278.9,3.37981819943167,0.0,36.29933
23280.9,3.37981819943167,0.0,36.29605
23282.9,3.3798061577339755,0.0,36.29275
23284.9,3.37962911869324,0.0,36.28946
23286.9,3.37962911869324,0.00013922310675829457,36.28288
23288.9,3.37944003795481,0.0,36.2796
23290.9,3.37944003795481,0.0,36.27302
23292.9,3.3796411601888883,0.0021863920599418,36.26973
23294.9,3.4739823415218036,-1.793945868902377,36.26973
23296.9,3.4822083137117406,-1.79284148915227,36.26973
23298.9,3.48844604925064,-1.79502788121221,36.268063147672216
23300.9,3.4937383907656328,-1.79284148915227,36.26315
23302.9,3.498469259569921,-1.79284148915227,36.25657
23304.9,3.5027226073594586,-1.79284148915227,36.25328
23306.9,3.506315143054527,-1.79284148915227,36.25
23308.9,3.5098118384512618,-1.79284148915227,36.24889265410051
23310.9,3.51312012002464,-1.79284148915227,36.2467
23312.9,3.51595633110109,-1.79284148915227,36.24341
23314.9,3.5186989673832123,-1.7939235199768024,36.24341
23316.9,3.52125059177712,-1.79284148915227,36.24341
23318.9,3.52370864137671,-1.79284148915227,36.24012
23320.9,3.525693023555592,-1.79284148915227,36.24012
23322.9,3.5277729132628872,-1.7939458320617434,36.23683
23324.9,3.5296637198629646,-1.79284148915227,36.23683
23326.9,3.53183911312919,-1.7939458322492259,36.23683
23328.9,3.5332565785533325,-1.7939272833689346,36.24012
23330.9,3.5349599124886217,-1.79284148915227,36.24012
23332.9,3.536283478442119,-1.79502788121221,36.2467
23334.9,3.53788969675894,-1.79502788121221,36.2467
23336.9,3.539495916644526,-1.79284148915227,36.25
23338.9,3.54091498857381,-1.79502788121221,36.25
23340.9,3.54204947300439,-1.79284148915227,36.25328
23342.9,3.5432794649959636,-1.793923501280363,36.25657
23344.9,3.54450752260398,-1.79284148915227,36.25986
23346.9,3.54583108777299,-1.79284148915227,36.26315
23348.9,3.5470607511073053,-1.79284148915227,36.26643
23350.9,3.548384637745595,-1.79284148915227,36.26973
23352.9,3.54923454106472,-1.79284148915227,36.26973
23354.9,3.550466469693857,-1.79284148915227,36.26973
23356.9,3.551788095823595,-1.79284148915227,36.27302
23358.9,3.5529225826392863,-1.79284148915227,36.2763
23360.9,3.5542458385719558,-1.79284148915227,36.2796
23362.9,3.555189617150018,-1.79284148915227,36.28618
23364.9,3.55623052838662,-1.79284148915227,36.28618
23366.9,3.5573650128172,-1.79284148915227,36.29275
23368.9,3.5584059240536363,-1.79284148915227,36.29933
23370.9,3.5592558202015,-1.79284148915227,36.30591
23372.9,3.56039030463208,-1.79284148915227,36.31086685231525
23374.9,3.5612421319606216,-1.79284148915227,36.31907
23376.9,3.562374684426191,-1.79284148915227,36.32565
23378.9,3.563699884693825,-1.7939423994948016,36.33223
23380.9,3.564643795448254,-1.79284148915227,36.33552
23382.9,3.56549548456968,-1.79284148915227,36.3388
23384.9,3.566534463841474,-1.793945841306733,36.3421
23386.9,3.56757537269241,-1.79284148915227,36.34868
23388.9,3.56833169564613,-1.79284148915227,36.35196
23390.9,3.569559752486958,-1.79284148915227,36.35525
23392.9,3.5703160754406262,-1.79284148915227,36.35855
23394.9,3.571452494204258,-1.79284148915227,36.36512
23396.9,3.57211331041472,-1.7939235014761021,36.36512
23398.9,3.57343687558373,-1.7939264922520406,36.3717
23400.9,3.57419319853745,-1.79284148915227,36.375
23402.9,3.5751386022296,-1.79502788121221,36.38157
23404.9,3.5759904303256604,-1.79284148915227,36.38815
23406.9,3.5771249171740576,-1.7939458690745653,36.39473
23408.9,3.5780700383279163,-1.79502788121221,36.4013
23410.9,3.5786375614642347,-1.79284148915227,36.41118
23412.9,3.57986562069034,-1.7939458686971061,36.42105
23414.9,3.58081102438249,-1.7939458781409152,36.42433
23416.9,3.581284693419353,-1.79284148915227,36.42762
23418.9,3.58232367028993,-1.79284148915227,36.42762
23420.9,3.583173566454445,-1.79502788121221,36.4342
23422.9,3.584118970130649,-1.79284148915227,36.44078
23424.9,3.585064374607021,-1.79284148915227,36.45065
23426.9,3.58572712358166,-1.79502788121221,36.45723
23428.9,3.58648344653538,-1.79502788121221,36.4638
23430.9,3.5873351151726793,-1.7939253731129798,36.47038
23432.9,3.5882789125535584,-1.79284148915227,36.47368
23434.9,3.452018038116189,1.1194327346902,36.47696
23436.9,3.441348752250133,1.1194327346902,36.48025
23438.9,3.4341092592292246,1.1194327346902,36.48683
23440.9,3.4281683413246995,1.1194327346902,36.49341
23442.9,3.4229534770714976,1.1194327346902,36.4967
23444.9,3.418470628269427,1.1194327346902,36.49709129161519
23446.9,3.4141760098711744,1.1194327346902,36.5
23448.9,3.410339823131243,1.1194327346902,36.50133307189051
23450.9,3.4066676642887,1.1194327346902,36.50657
23452.9,3.40307513025853,1.1194327346902,36.50328
23454.9,3.400184361302248,1.1194327346902,36.50328
23456.9,3.3971587445373306,1.1194327346902,36.50328
23458.9,3.394322684918386,1.1194327346902,36.50986
23460.9,3.391675743652311,1.1194327346902,36.51315
23462.9,3.389406560465103,1.1194327346902,36.51315
23464.9,3.3871377939547544,1.1194327346902,36.51643
23466.9,3.384679413551718,1.1194327346902,36.51973
23468.9,3.3829231164756397,1.1194327346902,36.52302
23470.9,3.380629059033423,1.1194327346902,36.5263
23472.9,3.3790071390752057,1.1194327346902,36.5263
23474.9,3.377305595770174,1.1194327346902,36.5263
23476.9,3.3757133055558386,1.1194327346902,36.52302
23478.9,3.3738223362396638,1.1194327346902,36.5263
23480.9,3.37238950607197,1.1194327346902,36.5263
23482.9,3.3710657455657738,1.1194327346902,36.52302
23484.9,3.369473300201807,1.1194327346902,36.5263
23486.9,3.36828427438746,1.1194327346902,36.5263
23488.9,3.367095065154624,1.1194327346902,36.5296
23490.9,3.36582622478787,1.1194327346902,36.5263
23492.9,3.3644479261260045,1.1194327346902,36.5263
23494.9,3.3630445627936236,1.1194327346902,36.5296
23496.9,3.362178807263662,1.1194327346902,36.5296
23498.9,3.3611788200793526,1.1194327346902,36.5296
23500.9,3.35996472189655,1.1194327346902,36.5296
23502.9,3.3587755005630693,1.1194327346902,36.5263
23504.9,3.3577757551009624,1.1178769958269454,36.52302
23506.9,3.3564270729448444,1.1194327346902,36.51973
23508.9,3.355561136035362,1.1194327346902,36.51643
23510.9,3.35429229974366,1.1194327346902,36.51973
23512.9,3.35334689605151,1.1194327346902,36.51973
23514.9,3.3525361330724825,1.1194327346902,36.52302
23516.9,3.351321890297738,1.1194327346902,36.5263
23518.9,3.3503764877307103,1.1194327346902,36.5263
23520.9,3.34918711980605,1.1194327346902,36.5263
23522.9,3.34843079685233,1.1194327346902,36.5296
23524.9,3.347161717652592,1.1194327346902,36.5296
23526.9,3.3462962019659135,1.1194327346902,36.5263
23528.9,3.3450273435606,1.1194327346902,36.5296
23530.9,3.3443503343582504,1.1194327346902,36.5296
23532.9,3.3432158467584547,1.1194327346902,36.5296
23534.9,3.3418674811889453,1.1194327346902,36.5296
23536.9,3.3411363153448472,1.1194327346902,36.5296
23538.9,3.340245439816729,1.1194327346902,36.5296
23540.9,3.3391109637193135,1.1194327346902,36.5296
23542.9,3.337976473205301,1.1194327346902,36.5263
23544.9,3.3367623012511243,1.1194327346902,36.52645855977736
23546.9,3.3356280083755756,1.1194327346902,36.5263
23548.9,3.33481698368539,1.1194327346902,36.5263
23550.9,3.33368249925481,1.1194327346902,36.5296
23552.9,3.33273709556267,1.1194327346902,36.5296
23554.9,3.331711660896229,1.1194327346902,36.5296
23556.9,3.3307915900973666,1.1194327346902,36.53618
23558.9,3.3294678399758224,1.1194327346902,36.53618
23560.9,3.32838823857878,1.1194327346902,36.53946
23562.9,3.327387949603719,1.1194327346902,36.53946
23564.9,3.32611926971762,1.1194327346902,36.53946
23566.9,3.32503949541776,1.1194327346902,36.54275
23568.9,3.3239051843497798,1.1194327346902,36.53946
23570.9,3.32271581642589,1.1194327346902,36.53288
23572.9,3.32177041273374,1.1194327346902,36.5296
23574.9,3.32082500904159,1.1194327346902,36.5263
23576.9,3.31950144387258,1.1194327346902,36.5263
23578.9,3.3183120752841706,1.1194327346902,36.52302
23580.9,3.31723247501143,1.1194327346902,36.5263
23582.9,3.3162321867013396,1.1194327346902,36.5263
23584.9,3.31477442541184,1.1194327346902,36.5296
23586.9,3.314097789539893,1.1194327346902,36.53288
23588.9,3.31269453728911,1.1194327346902,36.5296
23590.9,3.31156005285853,1.1194327346902,36.53288
23592.9,3.310102292028904,1.1194327346902,36.5296
23594.9,3.3092365864737694,1.1194327346902,36.5296
23596.9,3.3078331391206124,1.1194327346902,36.53288
23598.9,3.3063206768,1.1194327346902,36.5296
23600.9,3.30513130775192,1.1194327346902,36.5296
23602.9,3.303917512738078,1.1194327346902,36.53288
23604.9,3.30267325815234,1.1194327346902,36.53288
23606.9,3.30134969298333,1.1194327346902,36.53618
23608.9,3.300294522305725,1.1194327346902,36.537132068717526
23610.9,3.299025840629549,1.1194327346902,36.54275
23612.9,3.29775715895316,1.1194327346902,36.54605
23614.9,3.29624451304572,1.1194327346902,36.54605
23616.9,3.29505514399765,1.1194327346902,36.54933
23618.9,3.29340830196928,1.1194327346902,36.55262
23620.9,3.292328700111234,1.1194327346902,36.55591
23622.9,3.290706289928068,1.1194327346902,36.55591
23624.9,3.2897612392071833,1.1194327346902,36.5592
23626.9,3.288059302561446,1.1194327346902,36.56907
23628.9,3.286735590587193,1.1194327346902,36.57236
23630.9,3.28546691095523,1.1194327346902,36.57893
23632.9,3.28395426504779,1.1194327346902,36.58223
23634.9,3.2823326996894227,1.1194327346902,36.57893
23636.9,3.28073989249449,1.1194327346902,36.58223
23638.9,3.279550523447038,1.1194327346902,36.58223
23640.9,3.27790368141804,1.1194327346902,36.58552
23642.9,3.2763117190978237,1.1194327346902,36.58552
23644.9,3.2750129490962645,1.1194327346902,36.5921
23646.9,3.27355482443416,1.1194327346902,36.59538
23648.9,3.2719324102131924,1.1194327346902,36.59868
23650.9,3.27034045188085,1.1194327346902,36.60525
23652.9,3.26882780597341,1.1194327346902,36.60855
23654.9,3.2674497118588,1.1194327346902,36.60855
23656.9,3.26580251415854,1.1194327346902,36.60855
23658.9,3.2640459067803596,1.1194327346902,36.61183
23660.9,3.2625332590328555,1.1194327346902,36.61841
23662.9,3.2610206124105496,1.1194327346902,36.61841
23664.9,3.25937376905192,1.1194327346902,36.61841
23666.9,3.25748296166763,1.1194327346902,36.6217
23668.9,3.256049630843981,1.1194327346902,36.625
23670.9,3.25426858911432,1.1194327346902,36.6217
23672.9,3.2527010585903384,1.1194327346902,36.62460964893806
23674.9,3.2509196763180053,1.1194327346902,36.625
23676.9,3.2492977498114155,1.1194327346902,36.62828
23678.9,3.2479191564331096,1.1194327346902,36.62828
23680.9,3.24594903662341,1.1194327346902,36.62828
23682.9,3.2443815072242432,1.1194327346902,36.62828
23684.9,3.24254558333168,1.1194327346902,36.63486
23686.9,3.240978233692614,1.1194327346902,36.63815
23688.9,3.23914213003994,1.1194327346902,36.64143
23690.9,3.2371964353298015,1.1194327346902,36.64473
23692.9,3.23536051527135,1.1194327346902,36.652098235019274
23694.9,3.23365878862548,1.1194327346902,36.6546
23696.9,3.23195706197961,1.1194327346902,36.65788
23698.9,3.230200452302212,1.1194327346902,36.66118
23700.9,3.22817544721102,1.1194327346902,36.66118
23702.9,3.226742118738787,1.1194327346902,36.66118
23704.9,3.2248264106207216,1.1194327346902,36.66446
23706.9,3.222960846020222,1.1194327346902,36.66446
23708.9,3.22099037915069,1.1194327346902,36.66775
23710.9,3.219020270177235,1.1194327346902,36.67105
23712.9,3.21720876438209,1.1194327346902,36.67433
23714.9,3.215263416961302,1.1194327346902,36.6842
23716.9,3.24973421247335,0.31597784988056055,36.6875
23718.9,3.2772716693289943,0.0021863920599418,36.69407
23720.9,3.2814314477457276,0.0,36.69736
23722.9,3.28452150726308,0.0,36.69736
23724.9,3.286914403827121,0.0,36.69736
23726.9,3.2889998933137994,0.0,36.69407
23728.9,3.29095025236969,0.0,36.6875
23730.9,3.2925224331922607,0.0,36.68091
23732.9,3.294164624923,0.0,36.67762
23734.9,3.2955476428686574,0.0,36.67433
23736.9,3.29681175526101,0.0,36.67433
23738.9,3.29813532043002,0.0,36.67105
23740.9,3.2992698048606,0.0,36.66118
23742.9,3.30040428929118,0.0,36.66118
23744.9,3.3014739763999206,0.0,36.65825696623472
23746.9,3.302359861751575,0.0,36.6546
23748.9,3.30342958110606,0.0,36.6513
23750.9,3.304310216552444,0.0,36.64895514184672
23752.9,3.30532038849035,0.0,36.642560760839
23754.9,3.305952448895745,0.0,36.63486
23756.9,3.30664395365936,0.0,36.62940693824624
23758.9,3.30740027661308,0.0,36.6217
23760.9,3.3081565995668,0.0,36.61183
23762.9,3.30872384178209,0.0,36.60855
23764.9,3.3091614059835934,0.0,36.60525
23766.9,3.3101121730698164,0.0,36.604165177060175
23768.9,3.3104851126747334,0.0,36.59868
23770.9,3.3109280418981744,0.0007489386339778687,36.5921
23772.9,3.311246681037813,0.0007491804344175559,36.5888
23774.9,3.3119977034198844,0.0021863920599418,36.58552
23776.9,3.312381141930642,0.0,36.58552
23778.9,3.31288361802754,0.0,36.58223
23780.9,3.3133213248359046,0.0,36.58223
23782.9,3.2645036067516693,0.920471057235496,36.57893
23784.9,3.258818944657036,0.920471057235496,36.57565
23786.9,3.25483583132961,0.920471057235496,36.57565
23788.9,3.2514200505345765,0.920471057235496,36.57236
23790.9,3.2484194168959064,0.920471057235496,36.57236
23792.9,3.24557087514655,0.920471057235496,36.56907
23794.9,3.2425579494457444,0.920471057235496,36.57236
23796.9,3.24027661447052,0.920471057235496,36.57236
23798.9,3.23745273227547,0.920471057235496,36.57236
23800.9,3.234628847323883,0.920471057235496,36.57565
23802.9,3.232347552337863,0.920471057235496,36.57565
23804.9,3.229901850222037,0.920471057235496,36.57236
23806.9,3.2276205310175956,0.920471057235496,36.56907
23808.9,3.2255159760383645,0.920471057235496,36.56578
23810.9,3.223082594879968,0.920471057235496,36.56578
23812.9,3.22081362729377,0.920471057235496,36.56907
23814.9,3.21872141028953,0.920471057235496,36.57236
23816.9,3.216464767450456,0.920471057235496,36.57565
23818.9,3.214195798176434,0.920471057235496,36.57896585285907
23820.9,3.21229266518292,0.920471057235496,36.579037525200256
23822.9,3.2100360223440583,0.920471057235496,36.58223
23824.9,3.20832196967589,0.920471057235496,36.58223
23826.9,3.20605300081474,0.920471057235496,36.585305527529876
23828.9,3.2041745193497673,0.920471057235496,36.58244447068022
23830.9,3.202094632914591,0.920471057235496,36.58552
23832.9,3.200179170522972,0.920471057235496,36.5921
23834.9,3.197935109305721,0.920471057235496,36.59538
23836.9,3.195665889186154,0.920471057235496,36.59868
23838.9,3.1939641626439403,0.920471057235496,36.60196
23840.9,3.192237782264994,0.920471057235496,36.60196
23842.9,3.18998113804821,0.920471057235496,36.60196
23844.9,3.188292042170533,0.920471057235496,36.60196
23846.9,3.186022766979049,0.920471057235496,36.60196
23848.9,3.18411963515689,0.920471057235496,36.60525
23850.9,3.182253479404426,0.920471057235496,36.60855
23852.9,3.1803503463077276,0.920471057235496,36.60855
23854.9,3.17844721300399,0.920471057235496,36.60855
23856.9,3.1763796509039057,0.920471057235496,36.60855
23858.9,3.1745011725057783,0.920471057235496,36.60855
23860.9,3.1725980378232648,0.920471057235496,36.61183
23862.9,3.1705181508721174,0.920471057235496,36.61841
23864.9,3.168640190285036,0.920471057235496,36.625
23866.9,3.1667488651923676,0.920471057235496,36.63157
23868.9,3.1648457274448716,0.920471057235496,36.62828
23870.9,3.1629302679113738,0.920471057235496,36.62828
23872.9,3.1610764428332403,0.920471057235496,36.625
23874.9,3.159337488413463,0.920471057235496,36.6217
23876.9,3.15727017029986,0.920471057235496,36.6217
23878.9,3.1550135289433414,0.920471057235496,36.6217
23880.9,3.153463894390815,0.920471057235496,36.6217
23882.9,3.1514209948097487,0.920471057235496,36.625
23884.9,3.14951786002424,0.920471057235496,36.625
23886.9,3.1474626235346914,0.920471057235496,36.63157
23888.9,3.145748572759877,0.920471057235496,36.63815
23890.9,3.14384543787135,0.920471057235496,36.64143
23892.9,3.1417778755654187,0.920471057235496,36.64143
23894.9,3.1398873405432672,0.920471057235496,36.64143
23896.9,3.13817301571846,0.920471057235496,36.63815
23898.9,3.13628220833416,0.920471057235496,36.63807827463906
23900.9,3.1342146448565478,0.920471057235496,36.64143
23902.9,3.1323238433979177,0.920471057235496,36.64473
23904.9,3.130433031466019,0.920471057235496,36.64802
23906.9,3.12852989805854,0.920471057235496,36.651086153704156
23908.9,3.126285581656843,0.920471057235496,36.64823382417818
23910.9,3.1245838634861802,0.920471057235496,36.6513
23912.9,3.1226930472134584,0.920471057235496,36.6546
23914.9,3.12115574925978,0.920471057235496,36.65788
23916.9,3.11907586113705,0.920471057235496,36.66118
23918.9,3.11718505375276,0.920471057235496,36.66219894436088
23920.9,3.11510516563003,0.920471057235496,36.66446
23922.9,3.1133911103430414,0.920471057235496,36.66446
23924.9,3.1111467990058403,0.920471057235496,36.66446
23926.9,3.10962182421557,0.920471057235496,36.66446
23928.9,3.107907769961711,0.920471057235496,36.66446
23930.9,3.105852540017968,0.920471057235496,36.66446
23932.9,3.10394940206268,0.920471057235496,36.66446
23934.9,3.10205859467838,0.920471057235496,36.66446
23936.9,3.1001801133180296,0.920471057235496,36.66446
23938.9,3.09865514138664,0.920471057235496,36.67105
23940.9,3.09695341474077,0.920471057235496,36.67105
23942.9,3.09506260735648,0.920471057235496,36.67105
23944.9,3.0933362282499215,0.920471057235496,36.67105
23946.9,3.0916468237000854,0.920471057235496,36.67433
23948.9,3.08976834668044,0.920471057235496,36.67762
23950.9,3.087889866801545,0.920471057235496,36.67433
23952.9,3.08636489338871,0.920471057235496,36.67433
23954.9,3.08447408600441,0.920471057235496,36.67433
23956.9,3.08277235935854,0.920471057235496,36.67762
23958.9,3.08088155197425,0.920471057235496,36.68091
23960.9,3.0793935608711798,0.920471057235496,36.6842
23962.9,3.07766717942094,0.920471057235496,36.6842
23964.9,3.0761668612255324,0.920471057235496,36.6875
23966.9,3.074440477984032,0.920471057235496,36.69407
23968.9,3.0729401609602,0.920471057235496,36.69407
23970.9,3.0710616824595007,0.920471057235496,36.69407
23972.9,3.0697134548731095,0.920471057235496,36.69736
23974.9,3.06783498102259,0.920471057235496,36.69407
23976.9,3.066334664205014,0.920471057235496,36.70065
23978.9,3.06480968920772,0.920471057235496,36.70065
23980.9,3.0631202930302805,0.920471057235496,36.70393
23982.9,3.061418565006054,0.920471057235496,36.70723
23984.9,3.06008267074697,0.920471057235496,36.70723
23986.9,3.05819186336268,0.920471057235496,36.70723
23988.9,3.0566915434795194,0.920471057235496,36.70723
23990.9,3.0551788988471213,0.920471057235496,36.71052
23992.9,3.053477172407545,0.920471057235496,36.7171
23994.9,3.0519645236409314,0.920471057235496,36.7171
23996.9,3.05043955308706,0.920471057235496,36.71760480205686
23998.9,3.04892690717962,0.920471057235496,36.72038
24000.9,3.04722518053375,0.920471057235496,36.72038
24002.9,3.0457002072238977,0.920471057235496,36.72696
24004.9,3.04419988871888,0.920471057235496,36.72696
24006.9,3.042510489268692,0.920471057235496,36.72368
24008.9,3.0406320069445356,0.920471057235496,36.72696
24010.9,3.03909470878127,0.920471057235496,36.73355
24012.9,3.037405307953309,0.920471057235496,36.74012
24014.9,3.1917517509737503,-1.64853961319611,36.74341
24016.9,3.211026367512941,-1.64853961319611,36.74341
24018.9,3.2248293165704,-1.64853961319611,36.73683
24020.9,3.236351718877848,-1.64853961319611,36.73025
24022.9,3.2469288056983245,-1.64853961319611,36.72368
24024.9,3.2565605271761364,-1.64853961319611,36.72038
24026.9,3.266002729494338,-1.64853961319611,36.7171
24028.9,3.2743455177837784,-1.64853961319611,36.7138
24030.9,3.2824645115074125,-1.64853961319611,36.70723
24032.9,3.2902168184950797,-1.64853961319611,36.70065
24034.9,3.29760112771108,-1.64853961319611,36.69078
24036.9,3.3049643392921553,-1.64853961319611,36.6842
24038.9,3.311961129668862,-1.64853961319611,36.67762
24040.9,3.3185674834816954,-1.64853961319611,36.67433
24042.9,3.324818581654902,-1.64853961319611,36.66775
24044.9,3.330879562855932,-1.64853961319611,36.66446
24046.9,3.33708595254655,-1.64853961319611,36.6546
24048.9,3.3425922294535275,-1.64853961319611,36.6513
24050.9,3.34843079685233,-1.64853961319611,36.64802
24052.9,3.3535474106448047,-1.64853961319611,36.64802
24054.9,3.3588412390010896,-1.64853961319611,36.64473
24056.9,3.3637685674663724,-1.64853961319611,36.63815
24058.9,3.368862940259733,-1.64853961319611,36.63157
24060.9,3.37375616404715,-1.64853961319611,36.62828
24062.9,3.378317033319669,-1.64853961319611,36.625
24064.9,3.3826654508504754,-1.64853961319611,36.61841
24066.9,3.38720359788743,-1.64853961319611,36.61183
24068.9,3.391374988331142,-1.64853961319611,36.60628349338228
24070.9,3.395723850000579,-1.64853961319611,36.60196
24072.9,3.39986075770522,-1.64853961319611,36.59744677256251
24074.9,3.403853569607777,-1.64853961319611,36.5921
24076.9,3.40780214871927,-1.64853961319611,36.58552
24078.9,3.41158376348787,-1.64853961319611,36.58223
24080.9,3.41537684965249,-1.64853961319611,36.58223
24082.9,3.418980810658554,-1.64853961319611,36.58223
24084.9,3.42292860779365,-1.64853961319611,36.57893
24086.9,3.4263540642555688,-1.64853961319611,36.57236
24088.9,3.42992459511555,-1.64853961319611,36.56907
24090.9,3.43316184552728,-1.64853961319611,36.56907
24092.9,3.43673150169902,-1.64853961319611,36.57229336066287
24094.9,3.4397567935139,-1.64853961319611,36.56907
24096.9,3.442816528310719,-1.64853961319611,36.56578
24098.9,3.4458188551670292,-1.64853961319611,36.5592
24100.9,3.4490446988272314,-1.64853961319611,36.5592
24102.9,3.45242520298869,-1.64853961319611,36.5592
24104.9,3.455272869373012,-1.64853961319611,36.55591
24106.9,3.45828670588002,-1.64853961319611,36.55591
24108.9,3.4611343948835254,-1.64853961319611,36.55591
24110.9,3.46377004729448,-1.64853961319611,36.54933
24112.9,3.466617720351073,-1.64853961319611,36.54605
24114.9,3.4692648468982834,-1.64853961319611,36.54275
24116.9,3.47227868052382,-1.64853961319611,36.54275
24118.9,3.474570617338911,-1.64853961319611,36.54275
24120.9,3.477017181376591,-1.64853961319611,36.53946
24122.9,3.4794752048111786,-1.64853961319611,36.53618
24124.9,3.48211087892216,-1.64853961319611,36.53618
24126.9,3.484402790759323,-1.64853961319611,36.53618
24128.9,3.48683789738291,-1.64853961319611,36.53618
24130.9,3.4889407594122894,-1.64853961319611,36.53288
24132.9,3.4908315130132133,-1.64853961319611,36.53288
24134.9,3.49345572322795,-1.64853961319611,36.53288
24136.9,3.4953694964488924,-1.64853961319611,36.53288
24138.9,3.4976154994734,-1.64853961319611,36.5296
24140.9,3.49969538759613,-1.64853961319611,36.5296
24142.9,3.5012309577502267,-1.64853961319611,36.5263
24144.9,3.503488468382178,-1.64853961319611,36.51973
24146.9,3.50517872901059,-1.64853961319611,36.52302
24148.9,3.50706953639489,-1.64853961319611,36.52302
24150.9,3.3782672634693856,0.892047960456252,36.5263
24152.9,3.3678679008931174,0.894234352516194,36.52302
24154.9,3.360393158109707,0.894234352516194,36.51973
24156.9,3.3541534829879787,0.894234352516194,36.52133782477087
24158.9,3.3485313263015737,0.894234352516194,36.52382023727593
24160.9,3.3432873221065096,0.894234352516194,36.5296
24162.9,3.3386488591673804,0.894234352516194,36.5296
24164.9,3.3342497414701,0.894234352516194,36.53288
24166.9,3.3300014075975066,0.894234352516194,36.53618
24168.9,3.32606900541403,0.894234352516194,36.53618
24170.9,3.3222873890606626,0.894234352516194,36.53946
24172.9,3.3184172943581762,0.894234352516194,36.53946
24174.9,3.31496350615027,0.894234352516194,36.53618
24176.9,3.31118189138167,0.894234352516194,36.53946
24178.9,3.3081565995668,0.894234352516194,36.54275
24180.9,3.30475314627506,0.894234352516194,36.54605
24182.9,3.3016393249547584,0.894234352516194,36.54933
24184.9,3.2986140115580613,0.894234352516194,36.55262
24186.9,3.29586635156887,0.894234352516194,36.55591
24188.9,3.2927022449038468,0.894234352516194,36.5592
24190.9,3.2900551326874115,0.894234352516194,36.5625
24192.9,3.2874584268399776,0.894234352516194,36.56578
24194.9,3.28471058800151,0.894234352516194,36.56578
24196.9,3.282113723652755,0.894234352516194,36.5625
24198.9,3.2795168591024355,0.894234352516194,36.5625
24200.9,3.277008557300898,0.894234352516194,36.5592
24202.9,3.274550727041405,0.894234352516194,36.5625
24204.9,3.27223125926515,0.894234352516194,36.5625
24206.9,3.26958412892713,0.894234352516194,36.5625
24208.9,3.2675042408044,0.894234352516194,36.56578
24210.9,3.26504619120482,0.894234352516194,36.56578
24212.9,3.262827537499223,0.894234352516194,36.56578
24214.9,3.260457988335694,0.894234352516194,36.56907
24216.9,3.2581507341769727,0.894234352516194,36.57221378822246
24218.9,3.25597031576019,0.894234352516194,36.57236
24220.9,3.2537516297457327,0.894234352516194,36.56965239371812
24222.9,3.25162145877631,0.894234352516194,36.57162780955875
24224.9,3.2492136731601584,0.894234352516194,36.56907
24226.9,3.2474114173841695,0.894234352516194,36.56907
24228.9,3.244915086297369,0.894234352516194,36.56907
24230.9,3.24311282554697,0.894234352516194,36.56907
24232.9,3.24084385668581,0.894234352516194,36.5714845635954
24234.9,3.2386754212880016,0.894234352516194,36.56907
24236.9,3.2370119783550786,0.894234352516194,36.57236
24238.9,3.234654459370039,0.894234352516194,36.57236
24240.9,3.232763681071221,0.894234352516194,36.56907
24242.9,3.2306334968106,0.894234352516194,36.56907
24244.9,3.2282759836429418,0.894234352516194,36.56578
24246.9,3.2267130664505617,0.892047960456252,36.56907
24248.9,3.224494364220916,0.892047960456252,36.57236
24250.9,3.222452731989892,0.894234352516194,36.56907
24252.9,3.22023405619697,0.894234352516194,36.57565
24254.9,3.2184820609136704,0.894234352516194,36.57893
24256.9,3.2165027069967573,0.894234352516194,36.57893
24258.9,3.2142840066726395,0.894234352516194,36.57893
24260.9,3.2119647841251084,0.894234352516194,36.58223
24262.9,3.210074065357756,0.894234352516194,36.58552
24264.9,3.20813288893746,0.894234352516194,36.5921
24266.9,3.206103267125429,0.894234352516194,36.59538
24268.9,3.20416219343044,0.894234352516194,36.59868
24270.9,3.2019435178567504,0.894234352516194,36.60196
24272.9,3.19981333644656,0.894234352516194,36.60196
24274.9,3.19787226517841,0.894234352516194,36.60196
24276.9,3.1958929020750193,0.894234352516194,36.60196
24278.9,3.1938130159584004,0.894234352516194,36.60525
24280.9,3.19206102617094,0.892047960456252,36.60196
24282.9,3.1898423236206237,0.892047960456252,36.60525
24284.9,3.18752308844862,0.894234352516194,36.60855
24286.9,3.18563228106432,0.894234352516194,36.60855
24288.9,3.1835021290576693,0.894234352516194,36.61512
24290.9,3.18147250481887,0.894234352516194,36.61841
24292.9,3.179165244644653,0.894234352516194,36.61841
24294.9,3.17712364783499,0.894234352516194,36.61512
24296.9,3.175194557381325,0.894234352516194,36.61512
24298.9,3.173102690028529,0.894234352516194,36.61841
24300.9,3.17107306420523,0.892047960456252,36.6217
24302.9,3.1689429152674875,0.894234352516194,36.6217
24304.9,3.1663963088866405,0.894234352516194,36.62740808090542
24306.9,3.164505501501981,0.894234352516194,36.63157
24308.9,3.1620977167296886,0.894234352516194,36.63486
24310.9,3.160156708310708,0.894234352516194,36.63815
24312.9,3.15783741251515,0.894234352516194,36.63815
24314.9,3.15594660513085,0.894234352516194,36.63815
24316.9,3.1535388194153398,0.894234352516194,36.64143
24318.9,3.1517868288854,0.894234352516194,36.64143
24320.9,3.149240379453077,0.894234352516194,36.64102643082789
24322.9,3.1471102632619377,0.894234352516194,36.63815
24324.9,3.145030185022687,0.894234352516194,36.64143
24326.9,3.14271095344077,0.894234352516194,36.64473
24328.9,3.1404922477219617,0.894234352516194,36.64473
24330.9,3.138651704121307,0.894234352516194,36.64802
24332.9,3.1361433934860785,0.894234352516194,36.64802
24334.9,3.13363507799615,0.894234352516194,36.64802
24336.9,3.131504928315825,0.894234352516194,36.64802
24338.9,3.12947530175069,0.894234352516194,36.64473
24340.9,3.1269289168104053,0.894234352516194,36.64473
24342.9,3.1246097081101127,0.894234352516194,36.64802
24344.9,3.12247931442879,0.894234352516194,36.64473
24346.9,3.1200715291350356,0.894234352516194,36.64473
24348.9,3.117802561116646,0.894234352516194,36.64473
24350.9,3.11548332710689,0.894234352516194,36.64473
24352.9,3.113264884247887,0.894234352516194,36.64473
24354.9,3.1110842061381048,0.894234352516194,36.64802
24356.9,3.10886550126185,0.894234352516194,36.6546
24358.9,3.10640745166226,0.894234352516194,36.65788
24360.9,3.103999758267627,0.894234352516194,36.66446
24362.9,3.101730966157632,0.894234352516194,36.67105
24364.9,3.0994617290676234,0.894234352516194,36.67433
24366.9,3.0973818397815474,0.894234352516194,36.67433
24368.9,3.094923792087316,0.894234352516194,36.67762
24370.9,3.0924658326888603,0.894234352516194,36.67762
24372.9,3.09033558889573,0.894234352516194,36.68076314287609
24374.9,3.088016355307207,0.894234352516194,36.68091
24376.9,3.08560857043499,0.894234352516194,36.6842
24378.9,3.0832510433094664,0.894234352516194,36.6875
24380.9,3.081120987856857,0.894234352516194,36.68662115862692
24382.9,3.0787641715519083,0.894234352516194,36.6875
24384.9,3.0763938766524666,0.894234352516194,36.6875
24386.9,3.074124909697166,0.894234352516194,36.69078
24388.9,3.07180567652962,0.894234352516194,36.69078
24390.9,3.06953670766846,0.894234352516194,36.69407
24392.9,3.067318259437357,0.894234352516194,36.69407
24394.9,3.0649102131665344,0.894234352516194,36.69736
24396.9,3.06272980108499,0.894234352516194,36.70065
24398.9,3.0602717514854,0.894234352516194,36.70393
24400.9,3.05819186336268,0.894234352516194,36.70393
24402.9,3.0560238807412436,0.894234352516194,36.70723
24404.9,3.0537041903680273,0.894234352516194,36.70723
24406.9,3.051712851100884,0.894234352516194,36.70723
24408.9,3.049216511877246,0.894234352516194,36.70393
24410.9,3.0470864568466873,0.894234352516194,36.70723
24412.9,3.04514529241102,0.894234352516194,36.70723
24414.9,3.0427877731096746,0.894234352516194,36.70723
24416.9,3.0407461711202846,0.894234352516194,36.70723
24418.9,3.03852746656598,0.894234352516194,36.71052
24420.9,3.0364979421493805,0.894234352516194,36.70723
24422.9,3.0344687269441035,0.894234352516194,36.70723
24424.9,3.0321489850239476,0.894234352516194,36.70393
24426.9,3.03020791407508,0.894234352516194,36.70723
24428.9,3.028556454062607,0.894234352516194,36.7138
24430.9,3.02623721856805,0.894234352516194,36.7138
24432.9,3.024396675911703,0.894234352516194,36.7171
24434.9,3.0225058685276487,0.894234352516194,36.7138
24436.9,3.020804140297333,0.894234352516194,36.7138
24438.9,3.1876727732726775,-1.84094211447099,36.7171
24440.9,3.208364727260069,-1.84094211447099,36.7171
24442.9,3.222966713664771,-1.84094211447099,36.7138
24444.9,3.2358028273863626,-1.84094211447099,36.71052
24446.9,3.247358139449135,-1.84094211447099,36.70393
24448.9,3.2581143640290766,-1.8390030228240655,36.70393
24450.9,3.2679251637510744,-1.8406948832118724,36.70065
24452.9,3.277611040731985,-1.84094211447099,36.69736
24454.9,3.2868332453099254,-1.84094211447099,36.69078
24456.9,3.295341875729139,-1.840694854848643,36.6842
24458.9,3.3034723481979866,-1.83875572241105,36.67762
24460.9,3.311602819592723,-1.840694852775152,36.67105
24462.9,3.3191660515818207,-1.83875572241105,36.66446
24464.9,3.3261620371674874,-1.83875572241105,36.66118
24466.9,3.3337252649133142,-1.84094211447099,36.6546
24468.9,3.340343090757703,-1.84094211447099,36.64802
24470.9,3.346750451120825,-1.84094211447099,36.643869034880204
24472.9,3.353179197274297,-1.84094211447099,36.63777795442314
24474.9,3.35908346516249,-1.84094211447099,36.63486
24476.9,3.3650912890585114,-1.84094211447099,36.63486
24478.9,3.3705960156030748,-1.84094211447099,36.63157
24480.9,3.3762684345874407,-1.84094211447099,36.62828
24482.9,3.3818980875544,-1.84094211447099,36.625
24484.9,3.387046034583001,-1.84094211447099,36.6217
24486.9,3.3917730646458977,-1.84094211447099,36.61841
24488.9,3.397045931221195,-1.84094211447099,36.61841
24490.9,3.40200478749488,-1.8406948852847513,36.61512
24492.9,3.4063322635642885,-1.84094211447099,36.60855
24494.9,3.410891579058276,-1.84069489739845,36.60855
24496.9,3.41576492468438,-1.84094211447099,36.60525
24498.9,3.419924702155757,-1.84094211447099,36.60196
24500.9,3.4246089507145636,-1.83875572241105,36.59868
24502.9,3.428643799074672,-1.8390029979477123,36.5888
24504.9,3.432614486563685,-1.83875572241105,36.58552
24506.9,3.436710118691215,-1.83875572241105,36.58552
24508.9,3.4407235805721084,-1.8390029840948812,36.58552
24510.9,3.4443374951579826,-1.83875572241105,36.58223
24512.9,3.44826542674324,-1.84094211447099,36.58223
24514.9,3.4516902637598164,-1.83875572241105,36.58552
24516.9,3.4554932667991145,-1.84094211447099,36.58552
24518.9,3.4588967204488137,-1.83875572241105,36.58552
24520.9,3.4626355628639,-1.83875572241105,36.58223
24522.9,3.465682237658019,-1.83875572241105,36.57893
24524.9,3.4690856931006704,-1.8406948323883607,36.57565
24526.9,3.47265684200068,-1.83875572241105,36.56907
24528.9,3.4757035171811803,-1.83875572241105,36.56907
24530.9,3.4789178885087133,-1.83875572241105,36.5625
24532.9,3.481565018667096,-1.83875572241105,36.5592
24534.9,3.484800776351007,-1.84094211447099,36.5592
24536.9,3.48778330107506,-1.84094211447099,36.5592
24538.9,3.4906408972815632,-1.83875572241105,36.5625
24540.9,3.49364480396638,-1.83875572241105,36.55591
24542.9,3.4962705537497376,-1.83875572241105,36.55591
24544.9,3.4985395210259043,-1.83875572241105,36.55591
24546.9,3.501397114242,-1.8390029799446692,36.55591
24548.9,3.5037088410426436,-1.83875572241105,36.55591
24550.9,3.50612413270274,-1.840694871114149,36.55591
24552.9,3.508603562140133,-1.83875572241105,36.55262
24554.9,3.51066207042505,-1.83875572241105,36.54933
24556.9,3.5129524193033,-1.83875572241105,36.54933
24558.9,3.5150536874426095,-1.83875572241105,36.54605
24560.9,3.517447597170617,-1.83875572241105,36.54933
24562.9,3.51935978439282,-1.83875572241105,36.549577667626785
24564.9,3.52125059177712,-1.83875572241105,36.55591
24566.9,3.523309101109364,-1.83875572241105,36.5559710561761
24568.9,3.52465404506886,-1.83875572241105,36.55591
24570.9,3.526712554221908,-1.83875572241105,36.55262
24572.9,3.52824657909902,-1.83875572241105,36.5592
24574.9,3.52994830574489,-1.84094211447099,36.56578
24576.9,3.531293252515283,-1.840694873192577,36.56907
24578.9,3.3679846412051773,1.52391526577943,36.57236
24580.9,3.3529713250627777,1.52391526577943,36.57565
24582.9,3.3425325365499368,1.52391526577943,36.57893
24584.9,3.3339476940085193,1.52391526577943,36.58223
24586.9,3.3255151747935847,1.52391526577943,36.5921
24588.9,3.318330108009798,1.52391526577943,36.60525
24590.9,3.3113341883369722,1.52391526577943,36.61183
24592.9,3.304829322742539,1.52391526577943,36.6217
24594.9,3.298400516768476,1.52391526577943,36.62828
24596.9,3.292615131370057,1.52391526577943,36.63486
24598.9,3.2866775103479804,1.52391526577943,36.64143
24600.9,3.2814594463297344,1.52391526577943,36.64802
24602.9,3.27582379329531,1.52391526577943,36.64802
24604.9,3.270681760031863,1.52391526577943,36.6513
24606.9,3.2653113875431,1.52391526577943,36.65788
24608.9,3.2604713988815646,1.52391526577943,36.666864406085814
24610.9,3.25559215428333,1.52391526577943,36.67433
24612.9,3.2504502181672272,1.52391526577943,36.68287477828169
24614.9,3.246025152861392,1.52391526577943,36.692745579410996
24616.9,3.2414872148301472,1.52391526577943,36.69932558478646
24618.9,3.236836305302307,1.52391526577943,36.702609671046
24620.9,3.232298456893468,1.52391526577943,36.70723
24622.9,3.228327778722844,1.52391526577943,36.7171
24624.9,3.2234115760427993,1.52391526577943,36.721037197535175
24626.9,3.2194408805358194,1.52391526577943,36.73025
24628.9,3.215204991859892,1.52391526577943,36.73025
24630.9,3.21096910001391,1.52391526577943,36.73355
24632.9,3.2067728453614293,1.52391526577943,36.73683
24634.9,3.2024997300067977,1.52391526577943,36.74341
24636.9,3.198565885602052,1.52391526577943,36.75
24638.9,3.1944822262334625,1.52391526577943,36.75328
24640.9,3.1904355192243914,1.52391526577943,36.75986
24642.9,3.1864648642869495,1.52391526577943,36.75986
24644.9,3.1824940247493765,1.52391526577943,36.76643
24646.9,3.1785994423114436,1.52391526577943,36.7763
24648.9,3.1745157826342374,1.52391526577943,36.78618
24650.9,3.17069490272837,1.52391526577943,36.79605
24652.9,3.1666112395521515,1.52391526577943,36.79933
24654.9,3.1627166558379356,1.52391526577943,36.80591
24656.9,3.1587459628427776,1.52391526577943,36.8125
24658.9,3.1546991549446886,1.52391526577943,36.81907
24660.9,3.15084142519325,1.52391526577943,36.82565
24662.9,3.1468344154159467,1.52391526577943,36.83552
24664.9,3.1428631789615715,1.52391526577943,36.84868
24666.9,3.139194532788884,1.52391526577943,36.85525
24668.9,3.13476956242672,1.52391526577943,36.86183
24670.9,3.1308749806067193,1.52391526577943,36.86841
24672.9,3.1269803937646885,1.52391526577943,36.8717
24674.9,3.1229335880281135,1.52391526577943,36.88046302137007
24676.9,3.1187738127297178,1.52391526577943,36.89010965996912
24678.9,3.1149160848916,1.52391526577943,36.9013
24680.9,3.1110216539122435,1.52391526577943,36.91118
24682.9,3.106861959581748,1.52391526577943,36.91775
24684.9,3.1028541638135345,1.52391526577943,36.92433
24686.9,3.0987312531805764,1.52391526577943,36.925967051507634
24688.9,3.09449536514119,1.52391526577943,36.92892844628259
24690.9,3.0906768931816293,1.52391526577943,36.9342
24692.9,3.086706201541924,1.52391526577943,36.9375
24694.9,3.082281229265999,1.52391526577943,36.94407
24696.9,3.07842350237466,1.52391526577943,36.95393
24698.9,3.0740377926852016,1.52391526577943,36.95723
24700.9,3.07010394988375,1.52391526577943,36.9638
24702.9,3.066020578812617,1.52391526577943,36.97038
24704.9,3.0618605073131615,1.52391526577943,36.97696
24706.9,3.057548509682051,1.52391526577943,36.98025
24708.9,3.053427988409087,1.52391526577943,36.99012
24710.9,3.049003018026926,1.52391526577943,37.00328
24712.9,3.045221403587295,1.52391526577943,37.01315
24714.9,3.040948665353814,1.52391526577943,37.0263
24716.9,3.03682573992012,1.52391526577943,37.03946
24718.9,3.032589848711433,1.52391526577943,37.04933
24720.9,3.0282041393312844,1.52391526577943,37.05591
24722.9,3.024233440037029,1.52391526577943,37.05591
24724.9,3.0198845843289317,1.52391526577943,37.0625
24726.9,3.01564869721599,1.52391526577943,37.06907
24728.9,3.0117541141410338,1.52391526577943,37.07236
24730.9,3.00732914472508,1.52391526577943,37.07893
24732.9,3.003056398917419,1.52391526577943,37.08223
24734.9,2.99900959223417,1.52391526577943,37.0888
24736.9,2.9949259290587578,1.52391526577943,37.09538
24738.9,2.99050095900483,1.52391526577943,37.10525
24740.9,2.986228370085194,1.52391526577943,37.10525
24742.9,2.98218140651392,1.52391526577943,37.11183
24744.9,2.9777564402469867,1.52391526577943,37.11512
24746.9,2.9735598049581498,1.52391526577943,37.1217
24748.9,2.9694000277863166,1.52391526577943,37.125
24750.9,2.9652771115303627,1.52391526577943,37.12828
24752.9,2.961156586163352,1.52391526577943,37.13486
24754.9,2.95684458756433,1.52391526577943,37.146695683950085
24756.9,2.9529868594165403,1.52391526577943,37.15655965459703
24758.9,2.94871411581186,1.52391526577943,37.16446
24760.9,2.94474342030483,1.52391526577943,37.17433
24762.9,2.9405467862923156,1.52391526577943,37.18091
24764.9,2.9366890641745447,1.52391526577943,37.18782261965589
24766.9,2.932718366115818,1.52391526577943,37.19078
24768.9,2.928936751347238,1.52391526577943,37.20065
24770.9,2.92507902350814,1.52391526577943,37.2138
24772.9,2.921071468340482,1.52391526577943,37.22038
24774.9,2.9172139232803103,1.52391526577943,37.23025
24776.9,2.912864898129899,1.52391526577943,37.23355
24778.9,2.90900716074161,1.52391526577943,37.23683
24780.9,2.90465830375773,1.52391526577943,37.24341
24782.9,2.9003486967260086,1.52391526577943,37.2467
24784.9,2.89614967052839,1.52391526577943,37.25328
24786.9,2.8916509912791644,1.52391526577943,37.25657
24788.9,2.88726287582219,1.52391526577943,37.26643
24790.9,2.8825751176282446,1.52391526577943,37.2796
24792.9,2.877771978005157,1.52391526577943,37.28946
24794.9,2.872779775183245,1.52391526577943,37.29605
24796.9,2.86778755976393,1.52391526577943,37.30262
24798.9,2.8629475736356325,1.52391526577943,37.3125
24800.9,2.8574642306161793,1.52391526577943,37.31578
24802.9,2.852359058293068,1.52391526577943,37.32236
24804.9,2.84679959779822,1.52391526577943,37.33223
24806.9,2.8410142073196916,1.52391526577943,37.34868
24808.9,2.8353417864630073,1.52391526577943,37.35855
24810.9,2.8293676636933847,1.52391526577943,37.36512
24812.9,2.8231276458352026,1.52391526577943,37.37147860887837
24814.9,2.8170770748835374,1.52391526577943,37.38112718087858
24816.9,2.8105353439993053,1.52391526577943,37.39076986031458
24818.9,2.803728449825132,1.52391526577943,37.400197023754586
24820.9,2.7970345089541557,1.52391526577943,37.40788
24822.9,2.7895844902304265,1.52391526577943,37.41313544277262
24824.9,2.7822100983263542,1.52391526577943,37.4230096599416
24826.9,2.7743448650501645,1.52391526577943,37.42433
24828.9,2.7662143524185643,1.52391526577943,37.42762
24830.9,2.75736440852095,1.52391526577943,37.4342
24832.9,2.7486298361703003,1.52391526577943,37.441431239370765
24834.9,2.739175801759931,1.52391526577943,37.45393
24836.9,2.729154540445733,1.52391526577943,37.4671
24838.9,2.7353685593710217,0.8830583774651161,37.48053041294424
24840.9,2.960048957033936,-1.59825259581745,37.4967
24842.9,2.9912273406622214,-1.59825259581745,37.5
24844.9,3.0154097920859373,-1.59825259581745,37.5
24846.9,3.0363977639758026,-1.59825259581745,37.50328
24848.9,3.0552461239162088,-1.59825259581745,37.50657
24850.9,3.0726614658005844,-1.59825259581745,37.50657
24852.9,3.0881660842629706,-1.59825259581745,37.5
24854.9,3.1027054006050174,-1.59825259581745,37.49012
24856.9,3.1166774928278467,-1.59825259581745,37.47696
24858.9,3.129326011375696,-1.59825259581745,37.47038
24860.9,3.1416162545363764,-1.59825259581745,37.4638
24862.9,3.1526227288951825,-1.59825259581745,37.45065
24864.9,3.163569515958834,-1.59825259581745,37.4375
24866.9,3.1735709013314946,-1.59825259581745,37.42433
24868.9,3.1834229919937775,-1.59825259581745,37.42105
24870.9,3.1926874850859512,-1.59825259581745,37.41775
24872.9,3.2013856189061896,-1.59825259581745,37.41446
24874.9,3.209874405945886,-1.59825259581745,37.4013
24876.9,3.218024760617697,-1.59825259581745,37.38486
24878.9,3.2259462453581382,-1.59825259581745,37.37828
24880.9,3.2336985764854096,-1.59825259581745,37.36512
24882.9,3.240883642043829,-1.59825259581745,37.35855
24884.9,3.248048817258199,-1.59825259581745,37.35196
24886.9,3.254686538118376,-1.59825259581745,37.3421
24888.9,3.261473549353293,-1.59825259581745,37.33552
24890.9,3.267733105899456,-1.59825259581745,37.32565
24892.9,3.2739727794428353,-1.59825259581745,37.31578
24894.9,3.2800233528973513,-1.59825259581745,37.306885329782844
24896.9,3.2858848542873234,-1.59825259581745,37.30591
24898.9,3.291537386763513,-1.59825259581745,37.29605
24900.9,3.297020729762447,-1.59825259581745,37.285340664086014
24902.9,3.3025040685080116,-1.59825259581745,37.2796
24904.9,3.3078182281181485,-1.59825259581745,37.2763
24906.9,3.3129035130418876,-1.59825259581745,37.27267382726053
24908.9,3.31798879796515,-1.59825259581745,37.26643
24910.9,3.3225864079681013,-1.59825259581745,37.266084953254136
24912.9,3.3276518097215737,-1.59825259581745,37.25986
24914.9,3.33216985334738,-1.59825259581745,37.24971062284512
24916.9,3.336747578929457,-1.59825259581745,37.24323639699537
24918.9,3.3412855109793456,-1.59825259581745,37.23025
24920.9,3.3458234495379386,-1.59825259581745,37.22368
24922.9,3.3503017131428474,-1.59825259581745,37.21052
24924.9,3.35429229974366,-1.59825259581745,37.19736
24926.9,3.3583027856123784,-1.59825259581745,37.19407
24928.9,3.3622535834359373,-1.59825259581745,37.1875
24930.9,3.366413363268499,-1.59825259581745,37.18091
24932.9,3.370384056606462,-1.59825259581745,37.16775
24934.9,3.37399648656762,-1.59825259581745,37.15788
24936.9,3.378285659928114,-1.59825259581745,37.1546
24938.9,3.38151992607754,-1.59825259581745,37.1513
24940.9,3.3849830586574567,-1.59825259581745,37.14802
24942.9,3.38851591339944,-1.59825259581745,37.14473
24944.9,3.392277632987673,-1.59825259581745,37.14473
24946.9,3.3955516910825754,-1.59825259581745,37.14143
24948.9,3.398746168788494,-1.59825259581745,37.13815
24950.9,3.4023387021520617,-1.59825259581745,37.13486
24952.9,3.4055132912674004,-1.59825259581745,37.13157
24954.9,3.408727657064437,-1.59825259581745,37.12828
24956.9,3.4117728442263,-1.59825259581745,37.1217
24958.9,3.4149872167796,-1.59825259581745,37.1217
24960.9,3.418032402523813,-1.59825259581745,37.11512
24962.9,3.4208885043596604,-1.59825259581745,37.10196
24964.9,3.42368493074737,-1.59825259581745,37.09538
24966.9,3.42671022256225,-1.59825259581745,37.09538
24968.9,3.42954643363869,-1.59825259581745,37.0888
24970.9,3.43200448323828,-1.59825259581745,37.08552
24972.9,3.434860588243832,-1.59825259581745,37.08223
24974.9,3.4375077171640407,-1.59825259581745,37.08223
24976.9,3.44030414163336,-1.59825259581745,37.07893
24978.9,3.366536325941247,-0.006330115353128125,37.07236
24980.9,3.356169897841134,0.0,37.06907
24982.9,3.351064717902873,0.0,37.06238473006549
24984.9,3.3469115446060136,7.639089526906974e-05,37.05579504987278
24986.9,3.34370377839159,0.0,37.04933
24988.9,3.341239122453007,0.0021100011634445272,37.04275
24990.9,3.3387744700167388,0.0,37.045934731041065
24992.9,3.33651871033126,0.0,37.04275
24994.9,3.33462790294696,0.0021863920599418,37.04265391868061
24996.9,3.332919571657999,0.0021100207735021384,37.03946
24998.9,3.33122444965523,7.635488491253654e-05,37.03618
25000.9,3.32952272300936,0.0021863920599418,37.0296
25002.9,3.32819915784035,7.637193008854908e-05,37.01973
25004.9,3.3268623833849635,0.0021100207724962143,37.01643
25006.9,3.32536294676391,0.0,37.00657
25008.9,3.3244109399025255,0.0,37.00328
25010.9,3.32328305864118,0.0021863920599418,37.0
25012.9,3.321966098170824,0.0,36.9967
25014.9,3.32120317051845,0.0021863920599418,36.98683
25016.9,3.32044684756473,0.0021100024537387884,36.97696
25018.9,3.3193255725310102,7.637192622611937e-05,36.97696
25020.9,3.31874512091886,0.0,36.97038
25022.9,3.31798879796515,0.0,36.9671
25024.9,3.31723247501143,0.0,36.9638
25026.9,3.3164827582855385,0.0,36.96052
25028.9,3.31628707131928,0.0,36.95065
25030.9,3.31534166762713,0.0,36.94407
25032.9,3.31477442541184,0.0,36.94407
25034.9,3.3145787457846954,0.0,36.94078
25036.9,3.314011496230406,0.0,36.9375
25038.9,3.3132551854747576,0.0,36.93091
25040.9,3.31288361802754,0.0,36.91775
25042.9,3.3125120623354958,0.0,36.91118
25044.9,3.31212729507382,0.0,36.9013
25046.9,3.31174913359696,0.0,36.88815
25048.9,3.311553444991237,7.640856864955297e-05,36.88157
25050.9,3.3111752850992278,0.0,36.8717
25052.9,3.3106080428836404,0.0,36.86512
25054.9,3.31042556842796,0.0,36.86183
25056.9,3.3100474069511,0.0021863920599418,36.85855
25058.9,3.3100474069511,0.0,36.85525
25060.9,3.30966924547424,0.00211000309288446,36.85196
25062.9,3.30929108399738,0.0,36.85196
25064.9,3.308919511209403,0.002110205256463113,36.848565008523366
25066.9,3.308547976667701,0.0,36.8421
25068.9,3.308358892537669,0.0,36.83868540312789
25070.9,3.30834568030523,0.0021863920599418,36.83223
25072.9,3.3081565995668,0.0,36.82553518391021
25074.9,3.307960931389037,7.617235458544316e-05,36.81907
25076.9,3.30778504732021,0.0021863920599418,36.8125
25078.9,3.30777843808994,0.0,36.80591
25080.9,3.3074068828956094,0.002110001816344177,36.80262
25082.9,3.307217802212326,0.0,36.79933
25084.9,3.30721119587465,0.0,36.79605
25086.9,3.3073936750847195,0.0,36.78946
25088.9,3.3070155149162366,0.0,36.7796
25090.9,3.30683303439779,0.0021863920599418,36.77302
25092.9,3.30664395365936,0.0,36.76643
25094.9,3.30664395365936,0.0,36.75986
25096.9,3.30645487292093,0.0,36.75657
25098.9,3.3064482666944035,0.0,36.75328
25100.9,3.306083314667761,0.0,36.75
25102.9,3.20548575859945,1.80377344945198,36.74341
25104.9,3.193844115674857,1.80377344945198,36.74341
25106.9,3.184678094170383,1.80377344945198,36.74012
25108.9,3.1765564056197,1.80377344945198,36.74012
25110.9,3.169263619678886,1.80377344945198,36.74012
25112.9,3.16218626949904,1.80377344945198,36.74012
25114.9,3.1553705812257853,1.80377344945198,36.74012
25116.9,3.1484823051499444,1.80377344945198,36.74012
25118.9,3.141945850308097,1.80377344945198,36.74341
25120.9,3.13562481659504,1.80377344945198,36.75
25122.9,3.1294665633127288,1.80377344945198,36.75986
25124.9,3.122938843739654,1.80377344945198,36.77249554427076
25126.9,3.116798110585675,1.80377344945198,36.78288
25128.9,3.1108464596816474,1.80377344945198,36.79275
25130.9,3.104228631495979,1.80377344945198,36.79933
25132.9,3.09808789917135,1.80377344945198,36.80763128518139
25134.9,3.0923253258359997,1.80377344945198,36.81578
25136.9,3.08617581265028,1.80377344945198,36.82408140058945
25138.9,3.079927369762028,1.80377344945198,36.82893
25140.9,3.0738767862786514,1.80377344945198,36.83723613960568
25142.9,3.0678263120317766,1.80377344945198,36.84681804112448
25144.9,3.061496387098603,1.80377344945198,36.86183
25146.9,3.0554458058090237,1.80377344945198,36.875
25148.9,3.04911598791805,1.80377344945198,36.88486
25150.9,3.042867537179813,1.80377344945198,36.89473
25152.9,3.036808401357794,1.80377344945198,36.9013
25154.9,3.0302980629174447,1.80377344945198,36.91118
25156.9,3.02396824970689,1.80377344945198,36.92433
25158.9,3.017440572630812,1.80377344945198,36.93091
25160.9,3.0110118266214694,1.80377344945198,36.94407
25162.9,3.0044842747411025,1.80377344945198,36.95723
25164.9,2.997965256572457,1.80377344945198,36.97038
25166.9,2.991248498611398,1.80377344945198,36.98025
25168.9,2.9846218927351997,1.80377344945198,36.99012
25170.9,2.977445608169448,1.80377344945198,37.00328
25172.9,2.9708279293628204,1.80377344945198,37.01643
25174.9,2.963930724484374,1.80377344945198,37.0263
25176.9,2.9569347379183126,1.80377344945198,37.03946
25178.9,2.949560589801492,1.80377344945198,37.05591
25180.9,2.9423755194744894,1.80377344945198,37.07236
25182.9,2.9352806000366285,1.80377344945198,37.0888
25184.9,2.927438467499597,1.80377344945198,37.10196
25186.9,2.91997384357053,1.80377344945198,37.11183
25188.9,2.912590911424923,1.80377344945198,37.125
25190.9,2.9044604443529654,1.80377344945198,37.13486
25192.9,2.8968884328338214,1.80377344945198,37.14473
25194.9,2.8887673964654064,1.80377344945198,37.1546
25196.9,2.880636269800073,1.80377344945198,37.16118
25198.9,2.872595945619876,1.80377344945198,37.17105
25200.9,2.8638168642569,1.80377344945198,37.17762
25202.9,2.8554885300776105,1.80377344945198,37.1875
25204.9,2.846503884521425,1.80377344945198,37.20340344921747
25206.9,2.8376247895557944,1.80377344945198,37.2138
25208.9,2.8287379963606174,1.80377344945198,37.22696
25210.9,2.819563183437771,1.80377344945198,37.23683
25212.9,2.8101003708723478,1.80377344945198,37.24842663407856
25214.9,2.8006557870467765,1.80377344945198,37.26815077636881
25216.9,2.790723984055905,1.80377344945198,37.28131618145467
25218.9,2.7806125606823247,1.80377344945198,37.294476606417824
25220.9,2.76982617358755,1.80377344945198,37.30591
25222.9,2.759048568769098,1.80377344945198,37.31335809072847
25224.9,2.747803689868835,1.80377344945198,37.32893
25226.9,2.736079655404219,1.80377344945198,37.34538
25228.9,2.7235013953995963,1.80377344945198,37.36183
25230.9,2.7103558791021,1.80377344945198,37.375
25232.9,2.6964628407385374,1.80377344945198,37.38157
25234.9,2.6816155906455235,1.80377344945198,37.38815
25236.9,2.6657328206860833,1.80377344945198,37.4013
25238.9,2.6481483251850677,1.80377344945198,37.42105
25240.9,2.629528250564,1.80377344945198,37.4375
25242.9,2.6094769309817165,1.80377344945198,37.45065
25244.9,2.5876336824019783,1.80377344945198,37.4638
25246.9,2.563719368291427,1.80377344945198,37.48683
25248.9,2.537617464304943,1.80377344945198,37.5
25250.9,2.5102928737407257,1.80377344945198,37.51643
